10.144,9.5697
9.8483,9.4634
7.3532,9.5897
8.4311,9.0824
9.5326,8.1437
6.2101,6.9478
5.4576,7.7037
8.8411,9.6669
9.2348,9.6015
5.8483,6.9995
5.7489,6.6187
8.6224,9.567
8.777,8.9384
9.642,10.503
9.5914,10.306
9.8867,10.14
10.245,9.9761
5.1619,6.5885
8.6691,9.4487
10.477,9.5215
6.806,6.5962
8.5798,10.675
6.3697,7.0656
4.3955,7.6275
8.2323,10.868
6.1583,6.6425
5.4063,7.6188
5.8788,7.0254
8.702,9.5869
6.3316,6.8128
9.2343,11.129
8.9191,9.7297
5.3658,7.463
7.7389,7.3182
5.5872,9.6147
11.238,9.458
6.0189,6.2158
7.0518,7.6483
6.1749,6.9671
7.7311,10.677
5.3083,6.6882
6.286,7.4966
8.6894,9.6343
5.6328,6.8441
9.952,11.414
7.0363,7.1257
7.5723,9.2837
7.3125,7.3187
6.1764,7.7823
7.7856,8.5097
10.697,10.316
10.241,10.521
4.008,7.2501
5.5101,7.8802
8.1946,10.795
9.8545,11.212
5.4434,8.3701
9.76,10.58
7.0338,7.4343
6.9763,5.8771
9.1368,8.9696
5.3603,8.4087
8.2343,10.259
5.5646,7.6433
8.7268,10.289
8.9855,9.4782
5.9779,7.9088
9.586,8.8806
8.9309,11.7
5.7038,6.9902
9.4141,10.8
9.8732,10.796
6.5908,6.4908
8.0545,9.9907
8.4878,8.9293
6.283,6.2975
9.6289,8.9058
8.3507,10.257
4.8884,6.3647
5.3911,6.9426
6.2207,7.2889
5.9078,6.1757
6.9101,10.057
5.9321,5.9948
10.463,10.389
9.7744,11.369
7.7454,7.6964
7.7056,10.55
7.3989,9.3751
6.8534,7.2011
11.388,9.9446
5.1527,6.408
9.799,10.115
4.9132,6.5918
5.8576,7.0256
6.3802,7.2128
10.249,10.956
6.2611,6.9412
6.447,6.7652
8.9852,10.438
8.2963,10.311
7.1315,9.5588
7.126,9.1812
7.0091,9.8287
5.0322,7.7799
6.737,6.1667
8.5244,6.6143
6.7293,8.1332
5.4446,6.7033
4.6655,6.5675
9.0618,10.56
8.3597,8.5055
9.9186,11.184
5.9124,6.6237
6.6856,7.3446
5.5914,7.2369
10.267,9.8458
5.6987,7.8591
6.3582,6.1041
6.6172,5.9099
7.837,9.2103
8.853,9.7405
5.521,5.7393
6.3216,7.0978
5.6438,7.1273
9.6425,10.748
6.2158,7.0069
5.5777,7.5692
7.8652,11.589
8.5126,10.715
9.0794,10.201
7.1,6.5459
7.3572,7.1828
10.61,9.7291
9.0714,9.4156
9.9965,9.6093
9.4212,9.3109
4.6706,6.7161
3.739,6.4187
5.7594,6.8528
4.6394,7.1332
9.0036,9.5064
4.0809,7.4802
5.9387,6.9344
9.1105,10.081
8.8348,9.833
7.156,7.915
8.0068,10.15
4.7266,7.9586
5.8072,7.1868
8.4301,8.6216
7.3757,8.0549
5.8273,6.5179
7.0338,6.5215
9.8947,11.284
5.0418,7.7556
5.329,6.2778
8.8762,9.3184
10.689,9.9439
8.9327,8.8611
7.2087,6.7735
10.834,10.145
7.0902,8.1187
9.6459,9.4124
5.371,6.1645
9.692,10.026
7.4659,10.551
8.8731,10.119
5.1107,8.1871
8.1212,9.1332
10.084,9.8688
9.4005,9.9728
8.134,7.2757
5.6311,7.0111
6.7742,6.439
9.432,10.725
9.3424,10.953
11.674,10.021
6.4736,6.0226
11.014,9.833
7.9192,6.7239
8.0434,10.587
7.8933,10.086
9.1247,8.9479
6.2495,7.0386
8.73,10.184
10.16,10.911
9.3628,8.6331
9.0301,10.397
9.6375,9.9631
10.859,10.853
9.5658,10.256
8.7028,10.629
6.6672,7.4267
4.8443,7.4071
9.3939,9.2928
10.698,9.5089
8.7883,10.529
6.4916,7.7803
7.3822,11.067
5.448,7.5857
8.2666,9.6004
8.225,8.4675
6.5146,6.6286
9.5253,10.024
6.3752,6.7182
5.1788,7.3329
5.6089,6.2644
9.1426,9.5996
6.7016,7.2505
4.2874,6.9372
9.7061,9.4433
8.7824,9.7999
7.7944,7.6902
7.3931,9.945
6.4259,7.0565
4.8166,6.9024
8.5662,9.4369
5.4963,6.1408
9.6239,11.579
5.1023,6.4749
10.059,10.553
5.7862,5.9921
5.11,5.9364
9.0194,9.7083
6.5538,6.93
6.0177,10.647
9.0448,8.7019
10.541,10.534
10.839,10.269
8.0413,6.9561
6.928,9.975
6.219,6.7286
8.4164,10.38
5.0648,5.1476
9.3749,10.669
5.3928,10.524
9.2957,9.957
9.545,11.015
6.7615,7.4911
9.1988,10.834
8.5214,9.4872
9.3892,10.894
5.3883,7.4269
4.9163,6.1704
8.9927,10.16
4.8033,6.3819
7.0657,10.386
9.4471,10.237
4.3772,7.4058
6.851,7.9861
6.3602,6.7915
7.0303,9.9552
7.4101,6.348
7.1966,7.9421
8.3038,9.3288
9.3287,10.189
6.8925,5.5189
8.0015,6.4861
5.071,5.3055
9.9383,9.1554
9.438,11.153
5.5751,7.6453
9.476,10.406
10.524,10.237
4.8225,7.6277
8.1368,10.784
7.53,8.8193
5.1053,7.0447
7.8976,7.4607
9.4735,8.2609
6.3956,7.7736
6.1759,7.0894
8.4446,8.5148
10.459,9.6841
7.5644,10.105
5.3838,7.3745
6.9576,9.7587
8.1952,12.057
5.7046,7.3656
9.2572,9.3897
5.795,7.1628
7.5815,7.0357
8.2885,10.069
7.3233,7.2761
5.2002,7.947
7.9078,7.1011
6.1991,6.7707
8.0806,8.4998
7.8831,8.0466
5.8016,8.2904
5.9877,7.3894
8.1707,10.085
9.5893,9.6412
9.1488,9.2217
7.8459,10.015
10.306,10.427
6.6894,7.5714
9.3039,10.114
6.2194,6.9473
8.5562,10.324
9.167,9.7572
7.6342,10.592
8.44,9.3141
6.747,7.1368
6.2384,5.9661
9.2292,9.3974
5.169,7.6899
9.798,10.386
9.2846,10.757
10.155,9.7147
6.8989,7.5378
7.5522,9.5657
6.2148,5.6486
6.51,7.159
8.2225,10.421
5.1097,7.4331
8.2637,10.053
8.1595,8.9793
5.8961,7.904
7.4219,7.4045
8.6316,10.467
4.5915,6.3236
9.0318,9.8464
8.9249,9.2985
7.7273,10.974
4.6675,5.8674
4.5332,7.19
7.9315,8.915
4.8766,5.9366
5.2747,5.5538
8.9712,10.2
5.5535,7.705
5.2983,6.7297
7.5987,6.9256
8.4598,10.051
3.8055,7.0185
6.7923,7.0623
8.4294,9.1711
4.1498,6.6233
7.8274,9.9109
8.1085,9.9133
8.6416,10.222
10.497,10.792
7.9275,10.383
7.08,7.8748
9.8385,9.8459
5.6897,6.9371
6.5948,7.201
4.8861,7.055
6.4206,6.7033
6.5099,6.4763
6.4383,7.8207
7.7773,10.252
7.8789,9.9195
10.357,8.5508
4.1987,7.68
9.075,8.8636
9.2274,10.797
9.6939,9.9322
5.9873,7.3307
6.9169,7.7655
8.75,8.7601
7.1363,9.2728
8.2442,8.5947
4.6208,6.9682
3.5607,6.1996
5.3398,6.5815
5.896,6.5522
4.0534,5.877
10.403,11.13
8.8834,7.0779
5.6485,6.7067
5.6016,7.4427
7.4375,9.4602
5.8489,7.4851
10.862,10.677
6.3004,6.2991
8.1721,9.4462
9.1058,9.2805
5.8864,6.8823
7.7407,9.9994
6.9972,7.0407
8.9945,10.566
5.6923,7.1686
5.2928,7.7009
5.0607,6.12
6.5805,9.1794
9.8869,9.0251
4.9662,6.3415
5.5949,6.296
8.5752,9.8484
7.2842,7.7386
4.0521,5.9319
7.6424,6.8206
5.9552,7.375
8.7497,10.028
7.3513,9.6196
7.1931,9.5329
9.5403,10.659
9.5509,9.5384
5.5986,6.9881
7.8113,9.7896
7.7064,9.1348
6.8732,7.1587
9.9182,10.265
6.838,7.3661
9.3713,9.5294
5.9184,7.0681
4.8315,6.5718
4.773,7.2931
7.8964,9.0222
7.1395,9.3808
7.937,10.284
7.943,9.1362
11.859,9.6331
9.3808,9.5369
9.3909,11.289
3.3468,5.481
9.0773,9.4978
9.2167,10.513
6.21,7.8099
5.39,7.2626
6.7329,8.0749
10.174,11.299
6.4889,7.4657
6.5252,7.2445
7.3475,9.2441
5.4348,6.8058
9.2931,10.773
10.24,10.895
4.7446,5.7104
8.5818,10.401
6.1702,6.4974
9.9586,9.9
10.571,9.6804
7.0277,7.8597
6.15,5.671
8.5114,11.009
5.9776,6.6142
6.9106,7.0366
10.917,10.718
10.404,10.293
5.7404,6.9437
5.553,7.2748
5.9682,6.883
5.3527,6.8107
5.297,7.616
3.229,7.0556
10.954,11.062
5.4579,6.0058
6.4538,6.5645
5.9765,7.8092
8.4037,11.003
7.5672,9.819
6.153,7.7473
6.6782,7.4204
7.6404,9.4286
8.4215,9.7023
6.2157,7.7485
10.496,10.232
7.1734,6.9365
9.8253,9.1602
6.5317,7.6188
8.9136,10.01
9.3111,10.377
7.0952,7.2549
9.3775,11.011
9.8982,11.177
9.3248,9.6055
8.1135,9.0923
5.5022,7.7551
6.5051,6.9091
6.402,7.2489
4.4773,7.3246
8.7128,10.892
7.4047,7.1612
6.0505,6.7182
10.278,9.8191
7.0814,7.203
6.4138,7.8224
9.762,9.39
5.7723,6.5606
6.7224,8.0139
8.6742,10.049
6.5696,8.1748
9.973,10.217
4.7266,6.8482
6.8613,7.8349
9.0494,10.307
9.4252,10.549
7.6716,7.3688
6.9745,9.3988
7.9634,10.526
6.7242,6.4099
4.9296,7.3488
10.471,9.374
5.7596,8.1484
5.2695,6.6156
4.1243,7.914
8.1164,10.487
10.167,9.3612
3.5733,7.8904
7.4776,9.6365
9.9208,11.392
11.187,9.3138
9.652,9.5217
7.826,10.614
10.135,10.498
9.0841,9.5871
8.9643,10.207
6.9799,7.7121
7.8054,11.657
6.084,8.5863
9.2138,10.785
6.1399,6.9004
9.8683,6.3478
9.0587,9.0123
5.4041,5.7451
6.4128,7.2414
5.5984,5.1008
8.4559,9.8091
8.0434,9.3468
11.046,10.092
7.7088,6.9885
9.245,9.0711
8.6073,10.277
9.1721,10.72
8.5126,11.249
9.9625,9.5282
7.1393,9.2381
8.2876,9.6481
7.2657,9.0998
8.4488,7.0633
5.4357,7.7272
6.4378,6.7784
7.4829,9.9169
9.8469,11.942
6.917,7.0072
6.6502,6.7668
8.7473,7.62
9.5343,10.53
8.5585,9.9984
5.618,7.4973
6.146,6.0958
10.093,9.9221
6.0197,6.4899
11.69,9.9143
6.3439,10.925
9.6115,9.1119
5.3019,6.0602
3.3814,7.6352
3.6921,6.9196
9.5845,9.9715
9.2333,10.798
9.2444,10.45
9.2598,9.6518
7.8246,8.1182
5.8885,7.2542
8.8003,10.053
5.8864,7.9225
6.2451,7.3976
5.2149,6.699
5.4489,7.3548
9.5211,10.236
6.0005,7.1304
9.9615,10.517
4.4253,6.4378
6.6228,6.2807
9.5735,8.9507
9.6223,8.9351
8.8204,9.5983
5.189,7.3078
7.2992,7.0699
3.4682,6.2747
8.9653,7.7972
3.8653,6.6204
5.7933,10.079
5.1456,6.6689
4.8616,7.0027
2.9891,6.121
6.3788,7.2586
8.5847,9.4669
9.3875,7.1341
6.3633,7.437
9.5495,11.147
7.5729,6.1139
6.1565,7.563
9.5908,9.9832
5.0302,7.7168
9.4913,9.4632
6.6636,6.6132
10.062,11.554
6.7813,7.1383
9.7818,9.6212
8.9647,8.8966
6.2171,7.38
4.3836,6.1756
8.0864,6.8741
7.3753,6.8304
7.8983,6.9534
8.7356,9.4637
6.9617,7.0457
4.5516,7.1754
7.674,10.295
4.2342,6.5443
9.2068,8.9917
8.8407,10.739
9.7423,10.223
8.5356,9.9563
9.7223,10.064
6.5959,6.9487
5.1599,7.5101
7.1161,7.8746
8.8567,9.7726
4.5968,6.5498
4.9125,7.2718
8.1487,11.459
6.227,5.8476
11.278,9.2298
3.3712,6.1492
8.0721,10.514
6.2967,6.6128
9.5931,9.5696
9.897,9.9881
7.2733,7.5038
9.057,10.307
6.6083,7.5859
8.2815,9.2794
6.3612,7.4803
5.7073,6.9451
5.8125,6.6851
9.4351,9.362
5.6266,7.0336
8.0093,9.1665
7.054,8.3036
7.0163,7.1032
9.0301,10.597
9.2624,8.5094
6.9336,7.9657
5.3711,5.8967
8.3171,10
6.266,6.9987
8.2519,11.164
8.9467,11.173
8.1115,6.3544
9.8122,10.043
9.4475,10.101
5.4217,6.3956
7.3908,9.592
5.2903,6.6472
5.316,7.1217
10.387,8.8399
9.3733,10.385
5.6515,6.2835
4.8922,7.2268
5.0116,5.5004
9.0674,10.653
5.3186,8.1294
6.3003,5.4361
9.5433,9.5158
9.5699,8.9564
9.7416,10.959
6.4269,8.0329
8.9916,9.4944
7.403,6.6275
6.2752,7.1576
9.6438,10.579
10.265,9.8964
8.2225,10.228
7.9569,7.1204
10.697,11.256
7.4735,7.587
6.0636,8.324
8.0938,9.716
5.3212,6.2119
9.1091,9.9446
8.3789,10.502
8.0819,9.9553
8.7083,10.365
8.692,11.134
8.9152,10.288
8.5761,9.4012
7.1402,7.9119
6.7701,6.9064
6.6226,7.9889
9.7689,9.6995
6.0004,6.6579
7.8817,6.2256
8.3208,10.871
8.0912,9.7451
8.8928,9.4601
5.4463,6.2008
3.6647,6.2728
9.6531,9.2095
6.3667,7.5096
8.0276,10.211
4.9274,7.3423
9.3637,11.614
3.9335,6.5636
5.2805,7.8657
8.534,10.755
6.1334,7.0238
10.921,9.2913
4.8533,7.4546
4.3126,7.2318
5.0833,7.9025
6.4862,7.3888
8.0798,7.7275
7.5304,6.7494
8.8322,8.8606
6.0207,7.713
5.1195,7.2865
5.1957,7.0058
8.1419,9.5583
5.325,7.0962
8.3109,8.3568
9.1312,8.812
6.5148,6.3972
8.4383,8.9518
10.377,10.371
6.1651,6.3969
5.6491,7.3779
8.0221,10.257
5.4215,8.0232
5.18,7.8779
5.3998,6.3757
5.1461,7.3213
6.1514,6.5088
7.6423,6.881
5.9226,7.8836
7.379,7.2835
10.285,11.717
6.4847,6.846
5.1996,7.0591
7.2227,6.6612
9.4686,9.9437
7.5461,8.3698
10.093,9.7471
6.5245,7.7535
8.8178,10.677
5.8206,7.2577
8.8205,10.147
10.135,9.4357
7.9214,10.107
8.8365,10.583
6.2296,6.2911
5.9805,6.7229
10.177,10.396
8.4739,6.7897
8.8704,8.2037
8.1294,7.4564
5.0244,6.6017
5.5956,6.8752
5.509,5.9612
5.7859,7.184
6.1884,6.5142
6.0199,6.4006
5.2203,7.8242
5.4314,7.3218
7.4566,9.1038
8.4797,11.058
8.413,10.493
8.5129,10.6
6.0601,6.2642
10.215,10.26
9.8162,10.537
6.1966,6.73
7.1888,6.8185
5.7446,6.8227
5.2637,7.3879
7.3073,7.3693
8.1604,9.1929
5.541,8.6937
7.7377,9.1793
9.2738,9.6695
6.7329,7.485
9.5002,10.592
3.5481,7.166
8.6862,7.7663
8.6791,9.4295
9.4509,10.68
5.2264,7.228
6.0383,5.5332
4.9021,6.6931
6.0926,6.8753
9.5193,9.6482
5.6588,6.7731
7.8233,9.6419
9.2874,10.377
10.352,11.135
9.0921,9.2954
3.4713,6.743
10.554,10.047
9.5704,10.743
6.3149,7.8675
3.9206,5.3492
7.9542,6.7606
5.7444,7.1369
10.224,9.8687
7.5016,7.0773
9.5784,10.008
8.4529,10.162
6.3381,7.3671
7.3995,10.749
7.3892,7.7654
8.2904,11.222
9.4481,9.1022
7.7566,6.579
7.425,6.2101
9.6391,9.9506
6.2289,7.4946
10.642,10.133
5.5834,7.2903
7.2987,10.299
6.7011,7.4371
6.7715,6.2348
9.1696,9.4452
5.5887,5.8478
11.001,9.6121
4.6804,6.6935
9.8276,9.5042
8.5953,10.791
10.243,10.212
5.4733,6.2672
8.2485,11.126
6.5344,6.2845
7.9743,10.46
10.139,9.7684
7.8643,8.7899
7.5667,6.5501
8.0054,9.9964
5.8646,6.4411
6.7949,7.9305
6.1728,7.1261
5.588,6.0556
6.1134,8.133
7.9176,9.507
8.3241,10.075
6.0001,4.6657
7.2483,9.6751
9.5028,10.187
5.2638,8.5313
5.9859,6.2476
9.2579,10.144
8.1741,10.913
5.733,6.7497
8.8931,10.071
5.6753,7.115
7.6034,10.531
5.2634,6.3173
7.5024,7.2173
6.874,6.6932
8.3259,10.039
7.836,8.7668
6.5602,6.8738
3.395,6.5243
7.6882,6.8001
8.3142,8.8535
5.3523,8.2693
7.8723,7.434
5.4214,8.0221
8.9271,10.641
8.3936,10.849
6.7277,7.2115
10.517,9.7432
6.6974,7.2806
5.5929,7.358
7.1143,9.7873
7.6639,7.4695
9.1766,11.991
7.3192,7.5401
5.1915,6.1359
7.3176,7.6567
8.8398,10.844
9.4308,10.02
6.1734,9.3358
6.1672,6.7548
8.0966,10.15
6.9319,7.3556
5.8656,7.2219
7.6956,7.8728
8.2338,9.9485
9.5316,10.45
8.2351,9.9395
5.1649,6.7021
9.6007,8.8526
6.5721,9.8237
8.7406,9.538
6.7828,7.9549
5.8349,7.1394
6.4991,7.6344
8.8849,10.524
7.7533,9.3459
7.7935,10.629
3.8679,6.4275
10.254,11.481
8.6533,9.3537
7.8434,9.74
5.3026,7.2461
4.5511,8.3452
11.3,9.7778
7.4863,9.9831
5.9705,6.6519
8.3902,9.6058
6.8652,6.9737
6.5961,7.1113
5.8727,7.241
6.3359,6.9263
6.5421,8.3558
8.8347,10.197
5.3001,6.9791
6.5702,6.9963
8.7643,9.1205
6.7312,6.1202
8.3923,11.2
6.7667,6.254
8.6002,9.4888
6.1191,6.554
7.6805,6.5838
8.7753,10.478
8.5602,9.8425
6.1378,6.5633
5.1361,6.4412
6.4459,7.3076
10.579,10.438
8.9025,9.2795
6.3204,7.9765
6.1716,6.8599
5.7548,6.3101
7.6964,6.1237
6.3779,5.7426
4.4078,7.5299
10.222,9.5172
9.0753,11.048
6.1689,6.8427
5.345,6.8692
6.7804,6.0307
4.998,6.7614
6.4369,7.3833
7.47,7.2911
5.1396,7.5943
6.2145,6.4496
9.6349,11.768
8.5104,8.9674
5.7213,6.7036
8.1793,7.5145
7.4785,10.005
7.9731,8.25
8.3773,9.6521
9.3995,9.8115
5.3782,7.5103
5.92,7.5566
9.1643,9.2343
8.3778,10.211
4.117,7.1421
7.8546,9.1752
9.1449,9.454
5.5173,7.5147
5.2991,7.1991
5.8925,7.169
4.0091,6.3993
6.4232,6.7706
7.6615,6.9333
5.121,6.4775
10.143,8.5459
6.0056,6.5182
6.0238,5.9711
6.6183,7.0158
5.7149,6.3123
9.7181,9.1587
9.2743,10.19
10.206,9.8766
9.4876,10.131
9.9948,9.4654
8.609,9.0298
8.9745,9.6397
8.7453,9.4058
5.089,6.516
9.6456,11.187
4.5905,8.0025
4.8101,7.3368
6.1047,6.8134
6.8475,7.5964
9.3425,9.3285
8.99,9.7092
6.6373,7.4483
8.4682,9.813
7.2021,6.4489
10.363,10.173
5.5431,5.8249
9.2837,9.6814
10.284,8.2535
5.8506,6.4053
5.9888,6.5226
10.762,10.293
8.7058,9.7834
9.3015,10.244
5.345,6.6915
7.335,9.7503
9.0202,10.595
8.0809,11.155
7.2428,6.5928
8.1722,8.3674
7.5585,9.6163
8.1524,11.04
3.7638,6.899
9.8564,10.219
9.6,10.257
10.215,9.8803
6.0367,6.4191
8.9279,9.5836
6.0186,7.273
8.5675,11.133
6.1307,6.4164
7.1048,6.5354
9.5654,10.617
11.277,11.174
5.7249,7.8924
8.5725,8.7078
8.9655,9.1111
4.9898,6.633
6.2635,5.9535
8.9235,9.6738
7.6096,10.83
7.5593,10.298
5.5874,6.7884
10.245,10.88
5.1754,7.8289
8.1638,6.9363
6.6376,6.3792
8.6784,9.9351
4.6446,8.0479
10.567,8.9979
7.2504,10.265
7.2493,9.474
5.705,6.5897
5.3881,6.7902
5.5915,6.0942
5.2666,7.2133
5.2152,6.8545
9.4602,10.2
5.2173,7.2436
8.3825,9.2243
6.5396,7.3941
8.9333,10.486
9.6294,10.428
5.4373,7.7093
9.4857,10.359
8.4881,9.8357
5.9879,5.8751
5.034,7.6626
9.9889,8.9388
12.476,10.577
6.1661,7.2268
4.8981,7.9551
7.4195,6.8872
9.4508,9.7797
6.1578,8.2797
5.6923,6.9454
10.72,10.289
10.027,10.093
10.436,10.288
5.2179,7.5964
3.9287,7.5363
5.4808,6.1014
9.7812,9.9697
9.0802,10.084
9.5286,9.6426
5.7276,7.5166
5.5339,6.7163
10.53,10.68
10.125,7.1316
9.7512,8.9944
6.2945,7.6228
6.7765,6.614
8.6699,10.691
9.7873,9.24
8.0951,10.538
7.3171,6.6357
6.021,7.3911
8.0884,9.187
8.6321,10.888
10.08,10.664
5.0601,7.5602
9.2888,7.9156
9.5001,10.271
8.2482,9.9692
5.0849,7.0343
8.6269,10.274
7.0618,9.2904
9.4776,9.4483
5.2491,7.0321
7.5061,9.5602
5.4916,6.6012
4.7673,5.6254
4.9376,7.935
4.8143,6.6492
8.6993,10.55
6.9579,10.404
7.3768,7.3947
7.3415,10.331
8.4138,7.4121
7.3253,6.4387
8.6373,10.301
8.2266,9.4241
8.8232,11.314
7.961,8.6749
4.7644,6.1488
10.27,10.794
9.4726,9.6104
10.08,10.35
7.9244,9.6767
8.6753,11.34
9.9799,9.726
2.1456,7.7678
7.7639,9.2029
8.8101,11.254
10.017,10.384
7.0068,5.7841
9.6983,10.439
11.234,10.689
8.0577,8.4594
9.3792,10.184
8.6893,9.7122
7.8094,7.4777
4.4563,5.8726
6.7744,7.8871
7.0867,9.8885
7.5321,9.8474
4.216,6.935
6.6521,5.741
8.1376,10.502
5.8362,6.1535
9.528,11.05
10.265,8.9138
7.0982,5.2518
8.9925,10.381
8.4217,10.26
8.099,7.0468
7.4473,6.531
5.4828,6.515
5.2437,5.8416
5.3315,5.7834
9.8509,10.142
9.5416,10.718
7.904,9.9737
8.1782,10.674
7.8581,10.035
8.3314,10.705
6.3518,6.523
6.5401,7.0853
9.9321,10.272
4.6334,7.8054
4.7815,6.9192
6.7512,5.7886
8.2549,8.3582
9.677,10.161
6.7488,7.3941
9.0497,9.3058
7.5558,10.803
9.8659,9.4218
5.0018,6.4985
8.7211,9.2068
4.5899,8.0172
5.059,5.5076
8.4813,10.223
8.8779,10.587
9.2302,9.8779
8.4196,8.4657
9.4474,9.3322
7.2214,10.201
6.1497,4.855
6.1635,6.541
6.3923,6.0514
6.0223,6.8172
6.9661,6.7728
8.6567,9.0989
5.5186,6.6476
4.383,6.5104
6.0073,7.7422
5.1321,8.5048
4.5773,6.5847
5.3544,6.029
5.6255,8.3752
8.8038,10.139
9.795,11.018
4.7546,8.7546
6.2498,6.5103
10.128,10.121
3.2511,6.2842
5.5547,6.494
6.465,6.9437
6.1251,6.6651
5.3433,8.284
8.8659,9.3045
6.5713,7.4325
6.0378,7.7385
10.155,12.404
5.8181,6.4644
5.6799,7.2104
6.1266,8.3322
10.571,10.226
8.9832,9.4169
8.4272,10.022
6.8854,7.1865
4.833,7.3421
6.4374,5.767
5.5945,6.8565
5.4404,7.6742
5.0789,6.7461
7.8644,10.278
5.0573,7.5976
7.451,7.7197
8.82,9.4495
9.5378,9.7154
8.2846,10.168
6.3369,7.7951
6.6142,6.1947
9.6342,10.108
10.43,9.5977
8.4317,9.8695
7.2504,7.5848
6.2704,6.1552
10.085,8.7562
6.0912,7.3115
5.3589,7.5476
8.5011,9.9125
8.6009,8.6381
10.175,9.2749
6.077,7.6045
4.2546,7.3097
6.0016,6.9248
6.5093,6.3799
9.3115,9.5086
9.1907,10.144
9.6377,9.8195
4.5497,6.5532
8.1447,9.9304
7.6811,6.1847
7.7986,10.435
10.022,10.228
7.0089,6.6356
11.482,8.9809
5.173,6.2839
6.5768,8.0389
9.0879,11.46
8.8994,8.2891
11.242,9.7392
5.5717,8.2892
7.4793,6.4876
9.1714,9.7669
4.3121,7.368
7.7784,6.7062
11.029,10.359
4.5129,7.0377
5.3393,7.3022
7.8889,10.328
5.8741,7.2584
10.966,10.313
4.6672,7.6906
5.5385,8.1734
7.272,7.0256
9.0369,10.678
9.4471,10.143
6.7003,7.1008
5.2789,6.962
8.3985,9.4314
4.6398,5.7999
8.8119,10.646
6.9167,7.9232
6.0002,6.5102
9.4524,10.147
8.8599,10.708
8.5516,10.247
6.4708,6.1901
9.0616,10.008
5.0127,7.9275
7.682,7.4737
9.1713,10.405
5.3785,7.6465
5.9316,7.8349
9.1488,9.6276
9.3864,9.8653
6.4568,8.0925
4.7363,6.9981
6.3868,6.413
9.8306,10.45
10.696,11.274
8.0127,10.537
5.2775,7.5085
6.9155,8.9584
7.2049,9.3459
5.2253,8.5135
10.431,10.571
9.8929,11.989
9.4627,8.8071
6.1636,7.076
8.2878,7.4133
9.0003,9.3182
8.2778,9.6403
5.247,6.9
9.6089,9.9038
10.818,9.2187
9.6097,10.714
9.5435,10.395
5.7527,6.1141
7.0786,7.9315
4.6296,6.6908
5.0751,7.6208
4.3477,6.1404
5.28,6.3636
7.664,10.511
5.9528,6.1043
9.6762,10.672
8.4908,10.569
4.3897,7.2359
7.1771,6.1272
10.089,9.8654
3.5313,7.4077
4.4979,6.3859
10.452,10.455
9.4131,9.3494
9.9282,9.9136
10.791,11.017
8.9931,10.168
10.066,9.1928
6.1035,6.9008
6.148,6.0237
6.1945,7.211
8.5339,10.361
7.2536,8.3357
8.9489,10.297
9.2494,11.499
11.213,10.697
9.9173,9.2171
7.2889,7.7821
5.1535,6.2288
5.6206,6.0556
6.7617,7.3757
5.0303,8.5196
5.3668,8.186
7.2937,9.5761
10.545,9.6797
6.1513,6.7341
6.9761,5.6622
9.9404,10.204
6.9168,7.7721
6.1154,7.2922
9.4506,8.2688
10.189,9.7826
9.168,12.26
7.0492,8.5201
7.3567,9.2131
12.521,10.033
7.1476,7.8091
8.9974,9.932
9.9085,10.615
5.5136,6.5702
7.4867,10.742
9.8679,9.2551
5.9176,6.2672
7.0182,6.1095
8.8736,10.366
7.781,8.9893
10.453,11.46
8.3956,10.085
8.9843,11.07
9.4297,8.8489
5.0581,7.806
10.923,9.3423
9.1914,10.281
7.687,8.348
6.6695,6.4147
10.179,10.566
5.9424,6.64
6.8784,6.7687
9.1331,10.918
9.5017,10.103
5.2788,6.6349
5.0426,8.067
6.7495,6.7646
8.4176,9.4825
6.4128,6.2
10.431,10.293
10.392,9.2948
5.5354,6.0148
5.1443,6.0774
9.3552,9.7817
9.0363,9.1208
7.3014,9.9477
6.4618,7.0458
8.8787,10.414
9.5027,10.043
9.431,9.9442
9.0245,10.924
8.6442,9.8236
5.2774,7.2391
7.8572,7.243
5.036,7.8846
4.3579,7.7724
8.1235,9.8272
7.2983,8.1214
10.738,10.656
9.5239,9.9953
7.533,10.005
9.0952,9.1267
6.6631,7.256
9.2406,10.395
9.0168,9.4597
6.3645,8.2248
7.1348,6.8377
10.172,10.373
7.3307,6.941
6.2851,6.9503
4.0051,5.4927
7.6587,10.741
10.445,10.903
8.0842,10.192
6.9512,7.6514
6.5444,6.3148
9.4044,10.677
5.9176,6.577
6.0916,6.5216
10.187,9.9642
7.8277,10.824
6.9833,7.3694
7.8288,10.268
5.9732,8.5533
6.8531,6.5897
6.9318,7.5645
8.4401,11.62
6.61,7.2043
5.524,7.4593
10.197,11.927
4.8548,6.9021
6.7647,6.1292
6.0323,7.3504
8.2672,7.8636
8.6347,10.668
9.0717,9.5274
5.1479,6.9399
5.2187,7.4468
7.3792,7.9968
8.8881,10.149
8.2728,9.2654
9.7713,10.485
10.475,9.8715
7.2461,6.6263
5.7399,6.0054
7.9426,10.532
12.089,10.563
9.8931,10.554
9.9715,9.9705
6.0072,6.9815
6.4826,7.9233
6.5321,5.8502
9.0919,9.4241
8.724,10.238
7.7845,11.153
10.171,10.974
7.9521,6.6221
9.4003,8.9292
8.3924,7.9445
6.8544,7.1388
7.8237,10.33
8.4738,10.507
8.4831,9.5272
6.3678,7.1311
4.9547,6.7355
9.3976,10.765
5.4499,6.737
6.5693,7.9409
4.3461,6.2629
7.327,7.5602
5.2358,7.7059
6.4385,7.0833
8.242,10.34
7.8139,9.5988
6.8331,7.4131
8.7096,9.4982
5.7993,6.5304
4.9685,6.4338
6.1981,6.6772
10.365,9.8935
10.182,10.564
4.2537,6.4967
5.8445,7.7694
9.6186,9.8543
9.9484,9.3429
9.3872,10.652
10.962,10.31
5.9431,6.6796
10.856,10.219
5.1648,6.6588
6.6894,9.3315
6.4042,7.0104
5.9998,6.5424
4.9179,6.6606
6.6641,7.436
6.584,7.9622
7.9409,9.4581
6.8342,6.4815
5.2129,7.0587
7.0261,7.0517
5.8245,6.7197
8.1315,10.298
9.8459,9.06
6.8759,10.368
4.8021,6.0733
6.6117,6.8258
9.3109,11.097
5.6876,7.429
10.677,10.174
9.8507,10.182
8.9793,9.6359
10.98,11.508
10.112,10.903
9.9288,11.054
9.3276,10.449
8.944,10.193
7.4109,7.0541
7.8866,9.2668
6.547,7.769
3.7137,7.67
6.4956,6.6025
7.8993,7.7318
5.582,7.7674
5.258,7.0604
5.2726,6.3102
7.5153,7.6467
10.484,10.901
4.9593,7.7579
10.278,11.551
7.9185,9.6545
9.3762,9.8407
7.6509,7.4975
8.0784,10.405
6.1323,8.5865
10.084,10.419
6.9283,5.6045
5.8581,6.8799
9.7781,9.68
4.998,6.6913
8.6236,9.7852
8.4968,10.367
8.0112,9.2262
5.2247,7.3886
11.125,9.1838
10.29,10.198
6.4168,7.1441
11.584,10.305
10.953,7.9699
8.3591,10.798
4.4643,7.5163
7.1277,9.0402
7.6527,9.7558
7.2111,6.2371
10.172,9.7136
11.425,11.134
9.6221,11.306
10.711,10.13
8.3595,11.137
6.9465,6.8377
9.2471,10.096
6.6281,8.3693
10.119,10.699
4.2962,6.8098
8.3333,10.22
10.531,9.1417
5.486,7.0385
7.8472,6.5389
7.1649,6.6352
10.005,10.557
8.2853,9.824
6.749,7.6603
10.255,9.0098
5.0332,6.5089
5.4799,6.8729
10.025,10.799
9.5231,11.013
7.7975,11.481
9.0275,9.6793
8.7211,10.62
10.672,10.44
5.369,7.0258
6.3187,6.4464
8.4589,9.6069
9.3783,9.1125
8.2379,9.5881
5.7312,6.2783
8.2341,9.5365
8.2505,9.9634
6.4568,8.0258
8.5295,9.712
9.4405,9.8487
7.8766,7.2729
9.0866,9.5381
7.9199,9.6519
8.6912,11.411
8.6499,10.991
5.8458,7.7348
6.145,5.9716
3.6483,6.869
12.032,9.0435
9.0942,10.898
9.677,10.047
8.5385,10.488
9.1366,10.049
7.0706,10.705
10.23,10.496
4.2962,8.6991
5.9043,7.1377
7.5793,7.4353
5.9847,7.0884
4.8762,7.5101
5.6446,6.4532
5.039,7.2024
8.4644,8.4116
5.6965,6.9736
5.6762,7.6822
8.8447,11.113
8.2852,9.953
9.0968,10.762
5.6437,7.1552
7.3999,7.0533
9.4348,11.326
6.1798,7.5917
9.4017,10.229
8.5798,9.5557
10.687,9.9021
7.9575,10.784
6.006,6.756
6.6563,5.667
7.0538,8.8823
5.9,7.5282
7.012,7.1583
9.1589,10.04
8.6809,11.413
10.684,9.3443
8.8657,11.085
9.219,9.6004
5.2794,6.9655
10.63,10.33
7.8832,8.3452
4.4081,7.0418
10.51,10.811
3.9125,6.8395
10.167,10.573
5.4291,7.5327
8.2164,8.9866
9.3844,10.353
8.9452,10.251
5.6284,7.2192
6.8911,7.8317
4.2741,5.8209
6.8437,6.3845
8.8886,8.1921
7.8796,10.158
9.0764,9.6534
6.3373,6.8497
5.2302,7.6545
6.8267,7.6062
10.005,9.3045
6.4426,7.4272
5.058,6.2086
7.7202,9.4772
8.0057,8.584
9.5064,9.8277
7.6376,9.1697
8.8668,10.493
6.2856,7.6481
9.8179,10.188
10.092,10.092
5.093,6.7614
6.9748,7.2815
7.1601,7.7652
9.6522,9.7908
5.4786,5.605
3.5969,7.5798
4.8809,8.978
5.6248,7.0412
9.8442,10.606
4.7123,7.5656
8.753,11.229
8.6104,9.9268
5.5728,7.6541
6.6997,7.8862
6.8442,7.9054
7.5903,6.8697
5.9688,7.3711
6.6978,8.4746
3.559,7.2191
3.9958,6.3307
5.0342,7.0349
4.9341,7.918
9.1657,10.102
6.0816,6.831
4.8058,7.1267
6.6592,6.7194
10.691,11.168
5.619,7.0177
5.4919,6.4005
9.9043,10.077
6.6334,6.8201
5.3301,6.8328
5.5134,7.3284
8.8324,8.8995
8.0287,9.3978
5.5483,6.1277
5.2104,6.5391
8.3748,9.6605
6.5564,9.9016
9.1591,9.8154
8.9174,9.0768
8.3122,10.645
9.1918,10.28
9.7552,11.02
9.1245,8.814
8.5325,10.803
4.6032,6.8292
8.444,10.207
10.073,9.6743
9.9964,9.4434
6.1135,7.0208
9.2435,9.453
5.995,6.8753
5.8275,6.6423
9.4887,9.7031
8.7236,9.8252
6.0389,5.7758
7.0363,10.221
8.1433,9.5504
10.359,10.082
5.3835,6.3146
5.7682,6.9902
5.9381,8.0324
4.9987,6.8135
7.6832,7.4759
8.222,9.1255
9.4697,10.375
8.8141,10.496
9.4147,10.505
10.41,9.9494
4.2236,6.3919
6.6981,7.2238
8.4368,10.379
8.4876,10.972
4.7591,6.788
8.7931,8.5531
5.2475,7.5787
8.0226,10.349
7.1713,6.0857
6.0683,7.4587
5.9029,8.3069
7.0427,7.8174
4.7017,6.8205
9.5136,8.7853
7.765,7.6969
9.5889,9.6643
10.037,10.14
6.5485,6.3955
5.8459,7.9455
7.8117,7.7281
6.8978,6.3985
8.5252,10.274
8.6131,9.0987
7.954,8.9356
6.6611,6.9721
9.7464,10.046
4.324,6.242
5.5832,8.1069
4.1071,7.1396
7.9111,10.885
6.68,6.6909
7.0066,9.6908
5.44,7.2534
6.3075,6.8402
10.017,10.472
4.1832,7.0795
8.7168,9.0201
8.9171,10.201
6.4958,6.9936
10.592,9.866
4.9761,8.6448
9.5576,9.3073
9.9788,9.8785
6.1311,8.426
8.0217,9.3779
5.2753,6.244
11.095,9.2012
5.524,7.0903
8.1022,5.2544
6.8961,8.438
5.003,7.0078
7.9225,11.195
8.5278,10.284
10.219,10.476
8.7469,10.421
8.4883,9.8284
4.202,7.374
7.1113,10.088
7.6866,5.9109
6.8221,7.9053
10.989,10.844
8.2433,9.4974
3.9685,6.9921
9.4861,8.8142
7.2337,7.0746
5.6658,6.988
6.9169,10.614
11.321,9.3796
4.3079,7.1197
5.8585,7.8944
5.4824,6.9884
2.5114,6.0664
5.2746,8.6581
5.8617,7.7306
5.0599,6.1944
2.9284,6.5716
6.4111,6.3541
7.2706,11.091
7.3534,7.5702
10.896,10.441
7.9512,9.6902
9.8142,10.164
8.9679,9.1852
8.4749,9.96
10.086,11.564
5.8417,6.3282
6.0551,7.1198
9.5544,11.185
8.2585,10.911
8.4969,9.5741
5.2716,5.6929
6.2256,6.3547
6.0505,7.4245
8.1018,7.3975
8.6078,11.324
9.8657,10.76
8.6315,9.4163
5.5755,7.1432
7.4014,7.6469
8.7234,9.1535
6.7987,6.2108
10.503,10.271
6.2263,6.7565
6.3509,6.3873
10.804,9.9385
7.1002,10.804
8.1065,10.902
5.8618,7.9857
5.5194,7.0028
8.0922,8.1132
8.3372,10.886
5.3599,6.2607
6.6349,7.4315
7.3568,7.5603
7.6668,6.3312
8.9273,9.264
6.1469,6.3975
10.442,10.845
7.7804,9.8365
5.4556,7.9336
9.5222,10.546
9.4817,9.2797
10.348,9.992
6.5709,7.3603
5.4743,6.6685
5.8637,7.2936
9.2444,9.2931
8.2971,10.137
4.5958,7.7933
6.6536,7.4442
10.569,10.621
5.611,6.8939
9.995,9.5966
8.1032,10.57
8.0065,8.3458
7.4213,7.2314
5.2885,7.7298
10.138,10.287
9.9391,10.197
3.3284,6.3598
6.2436,6.6974
8.4158,10.749
6.4911,8.5178
9.1755,10.606
5.9222,6.5354
6.7111,7.9615
4.6727,7.5056
6.1904,8.8527
8.0784,10.041
5.3733,6.7601
9.1059,6.374
10.343,10.275
10.048,10.251
5.0978,5.4481
5.6805,6.7615
5.9588,7.9221
5.2217,6.7579
6.5665,6.703
7.3663,6.6297
8.5731,8.4692
4.6901,7.4118
8.7921,9.0546
8.5488,9.4059
10.039,10.246
8.4708,10.699
8.2748,9.7446
5.495,6.5958
5.317,6.9764
6.3005,7.3433
10.016,9.819
3.9359,6.449
8.2069,9.2467
6.219,7.4371
9.151,10.331
6.3137,6.4192
5.379,7.5301
5.6638,7.5587
5.5338,6.4048
7.1862,10.494
6.1446,11.761
7.2997,10.233
8.8907,10.099
10.11,10.008
8.8842,10.105
6.5513,10.541
7.7405,6.0498
7.7201,8.9114
6.384,7.0996
8.3944,10.361
6.0232,6.623
7.6387,10.225
6.3109,7.0207
7.2891,6.8618
6.1866,7.3047
7.2907,10.041
3.8592,6.9376
9.3326,10.748
10.607,11.816
6.2584,7.1226
7.2716,8.3602
7.3708,10.557
9.1343,8.7374
9.5993,11.102
8.5123,9.4831
6.0377,6.4926
5.3316,7.5029
8.9283,11.037
7.1389,7.0534
4.0702,5.1401
9.5482,8.9192
5.5964,6.9046
5.9538,7.1919
8.941,9.7987
6.3415,7.5483
7.2461,7.5769
7.6865,9.0377
6.2196,7.7506
9.3334,9.5026
6.1588,7.5068
8.1203,10.271
5.0651,5.1295
8.0556,9.8232
5.4846,7.6822
10.569,9.9881
5.4673,7.2993
7.2908,8.7685
5.1606,7.0515
5.7612,6.1957
7.9205,6.5944
9.8056,10.065
9.0239,9.3728
6.6203,6.8837
6.1997,6.0447
6.2382,7.2127
5.9723,7.9954
5.2331,7.0257
5.0572,7.0565
7.2269,6.8206
9.4342,10.678
8.2348,9.3523
7.4829,7.2729
7.0136,9.3973
5.1248,6.8509
6.8386,9.8111
7.0496,7.0972
6.7852,6.7434
6.9672,6.7492
6.8245,7.4065
8.4564,10.768
5.3404,6.8406
6.4488,9.2587
4.6287,5.671
10.278,10.939
9.2531,11.136
8.2676,6.5203
5.597,6.6888
5.5549,6.6481
4.6302,5.5488
7.213,9.6805
4.5922,6.8165
3.694,6.7934
8.3967,9.0146
7.6147,10.83
7.7815,10.241
8.5596,9.9922
10.75,9.3765
5.0711,8.5972
7.9634,9.666
9.8464,9.8603
6.1081,7.0656
8.5172,9.992
6.3149,7.2311
9.3317,10.188
6.3277,6.8489
6.491,7.243
4.3155,8.2649
7.4368,10.181
8.081,9.2379
9.4956,10.25
8.9356,10.208
5.7461,6.7729
9.8634,10.882
6.1873,5.7371
7.5956,9.802
8.2069,11.029
7.6958,9.7704
6.6105,7.3964
10.606,9.7043
4.3389,6.2201
6.2212,6.4565
8.5687,9.2423
8.824,11.694
6.1974,6.8224
8.6621,9.1044
5.6144,6.5349
4.2156,6.2211
10.135,10.252
5.4601,6.7944
4.7917,7.5701
6.9725,7.429
5.8868,6.073
8.5746,10.004
4.8503,6.6714
6.2674,7.2567
7.5247,8.3272
10.667,9.9557
5.3503,7.7885
8.6073,10.463
9.1378,10.886
10.388,11.823
7.6459,10.065
4.5972,7.7034
5.5762,6.9846
9.1635,10.298
6.7317,6.5276
9.4306,9.2276
6.4487,5.3336
6.5959,6.9897
9.8427,9.9972
5.9171,7.4073
7.4572,8.6982
9.0641,9.1363
9.4046,10.913
9.9205,10.129
8.3179,10.931
4.2042,7.2687
7.7088,10.571
6.5742,7.1694
8.0031,8.9122
7.773,6.8327
9.1006,10.54
8.1674,9.5245
10.003,10.111
4.2757,7.7841
6.7689,7.0696
5.4599,10.051
5.336,5.9857
5.1149,7.0445
8.7908,9.9375
9.2111,10.448
6.7377,7.0275
6.0339,7.0082
9.7623,8.7692
5.9208,7.7268
7.9809,10.807
5.2207,7.6268
8.8088,10.114
6.525,7.4637
5.0644,6.8857
6.3229,8.3495
8.3979,10.337
5.0146,6.9276
8.6674,10.65
9.0609,9.7412
9.7608,8.4134
7.3932,7.5811
9.173,10.513
8.446,10.009
5.5445,7.0906
5.8813,6.4059
7.8506,7.4077
5.7194,6.7947
9.4705,10.544
10.036,9.9242
5.9324,7.6837
10.95,9.893
8.4585,11.202
5.6662,6.7633
3.6381,6.4049
9.4667,10.495
10.723,10.676
7.5272,6.8047
8.3123,10.525
8.5151,10.371
8.8221,10.269
3.6983,6.6046
9.6287,9.9804
7.2129,10.904
9.0721,10.243
5.0878,6.1815
4.4192,6.18
4.4304,6.0412
6.9083,8.4201
8.5491,10.615
7.249,6.741
7.981,9.0445
3.781,5.8369
7.3043,11.249
6.3497,6.6622
7.6921,6.9236
3.8729,6.0105
11.265,9.5509
8.584,6.659
6.8424,6.8866
9.406,10.122
5.5833,6.7331
8.9807,10.798
5.6716,8.1223
9.2159,10.267
7.2964,8.7218
6.6264,7.4265
6.9124,7.391
9.0856,8.0596
9.4379,9.8112
9.7232,9.1068
7.0873,8.7617
9.9527,8.8077
4.2207,6.8709
5.0506,7.107
9.1394,11.579
9.3411,9.7259
7.497,6.6205
7.1978,6.8733
4.5,6.6535
8.4897,8.1327
10.225,9.6452
6.8138,5.9971
9.4496,9.877
6.9362,7.3705
8.7958,9.8082
6.55,9.3734
4.5747,5.8582
10.849,11.556
5.6732,7.7453
4.8008,5.6485
4.7098,7.4189
3.6257,6.2357
8.7771,10.406
8.6098,9.9895
5.7885,6.8282
6.9906,6.6308
6.631,6.6541
5.9558,7.9364
4.5119,8.0421
9.353,10.305
6.8501,6.6171
9.9858,10.711
7.4237,10.318
10.21,9.653
6.3223,7.018
6.6245,8.1046
9.4031,9.2426
6.1337,8.2386
7.1899,5.8125
5.1542,7.1661
4.5798,7.581
7.9218,7.0799
8.2974,6.819
8.1349,10.022
5.8605,6.9895
6.4426,7.9514
9.5482,10.318
9.6632,9.9425
5.3637,5.8062
8.3821,8.369
5.3556,8.5454
10.353,11.202
4.9702,7.2517
5.3179,7.6854
5.7716,8.0593
10.605,11.07
5.4557,8.3663
10.895,9.5209
11.627,9.8354
9.6662,7.2771
6.2625,7.8997
8.3227,9.3942
4.3176,6.6825
9.2678,10.174
4.3007,6.4006
9.6224,9.273
10.54,10.859
4.8599,6.5823
10.369,9.9543
7.5356,10.024
10.174,9.9353
7.0251,5.5627
4.8378,6.1121
7.5673,5.868
5.1301,5.8777
8.7114,8.9141
5.4874,7.3225
5.229,6.7803
10.16,10.425
9.4782,9.3712
7.6853,9.9549
6.3123,6.8751
4.9931,7.7918
7.6379,9.4439
6.0955,5.9247
6.6484,8.6125
6.6491,7.4531
8.7587,9.9042
9.6988,9.6079
8.0997,10.572
7.9293,9.5482
5.6654,6.6155
7.741,9.1295
6.2335,7.7109
8.1623,8.8322
8.4209,9.1114
4.7231,6.5031
6.9551,7.4515
10.106,10.147
6.5082,6.1281
10.872,11.12
5.0818,6.763
7.4194,10.361
5.2977,7.1977
7.4056,9.8245
9.7104,11.53
6.5054,7.0026
3.9989,7.5839
11.982,9.3935
5.5426,6.7345
9.4937,10.595
7.5482,6.3492
7.0809,6.1446
10.589,10
9.4764,10.029
9.9477,9.3746
9.4592,8.3312
3.897,7.8286
9.5014,10.77
10.087,10.428
5.3796,7.4081
6.7065,5.6246
8.0635,9.6029
9.7757,10.176
7.1518,7.5257
8.0996,10.675
8.9382,9.8542
6.5042,7.9978
6.5397,6.4344
8.04,9.0372
5.2235,7.5206
8.7679,7.1994
9.2837,9.0161
4.681,7.6729
5.9459,6.9669
6.2472,7.1449
5.9937,7.2758
5.3745,8.0874
5.6586,6.8948
7.7965,9.9302
6.5634,7.0618
4.4579,7.2799
6.033,7.0463
5.1902,7.3697
5.0305,8.7508
9.6045,9.9693
8.7246,9.1302
5.8751,7.836
9.1349,9.9477
8.5886,7.6086
4.5635,8.1179
9.4739,10.777
4.3501,7.7858
8.4923,10.088
5.1773,5.7895
10.891,9.2407
7.7337,9.7385
7.263,9.3964
6.6068,9.7136
9.2915,9.9568
8.4471,9.272
4.5155,7.1557
8.8698,8.994
6.772,6.3975
7.0765,7.7141
9.2279,8.5748
5.0931,8.1122
9.1954,8.6177
7.6937,10.5
9.4465,9.7874
5.9564,6.7354
5.8549,7.023
6.7757,7.7771
5.2709,6.1505
7.5945,6.4662
10.441,11.789
9.1121,9.5736
6.1406,8.0503
4.9831,6.6301
8.5259,9.8656
5.2586,6.7059
11.75,9.9535
7.1874,6.854
7.7873,9.6871
8.382,10.08
6.9706,5.5945
5.8678,6.9876
7.7476,6.2391
9.9092,10.507
8.9527,10.082
10.016,9.6225
12.125,9.3679
7.8279,9.6062
8.5313,9.6824
9.8655,10.586
8.9761,10.196
4.1544,5.741
7.0728,5.4906
6.633,6.6971
6.2406,7.8067
5.1357,6.3848
6.1197,6.2963
10.291,10.482
5.9764,6.7652
8.5267,9.8541
5.896,7.0697
9.1308,10.587
5.9017,9.9962
8.9317,7.5819
8.8669,9.3557
8.0998,10.396
5.3891,6.8833
5.3423,7.7671
8.6557,10.157
11.016,10.31
9.6069,10.437
7.0567,7.9377
5.1083,8.522
5.4819,6.6644
10.785,11.402
8.3731,8.7121
4.6283,7.4767
7.2784,6.0981
8.1779,9.4119
8.1426,10.139
7.4995,9.394
5.4943,7.5868
8.5195,9.7939
5.4019,7.2207
8.4757,7.5655
7.7509,10.578
6.2064,6.612
5.7049,6.9784
6.3517,6.7796
6.2914,6.3278
6.4421,7.311
10.172,10.251
8.5085,8.2666
7.1541,6.9506
9.1133,9.8003
9.7198,9.8911
5.7475,7.1132
8.2196,7.3112
7.6454,6.3277
5.852,7.6697
9.6553,9.8389
9.7489,11.172
9.3619,9.762
5.3142,6.57
11.17,9.9748
9.0289,10.306
7.6851,10.068
9.3031,9.3893
8.0798,7.2481
10.489,9.4759
6.2347,6.8677
9.3516,10.604
9.3657,10.351
7.494,9.3792
5.4954,7.0357
6.8903,10.199
8.1785,9.5548
5.9458,7.5704
5.3981,7.1981
8.4141,10.977
7.5911,5.7409
5.8907,7.6989
5.3933,6.7288
3.3347,7.4835
9.5568,10.069
6.3574,7.8382
7.3594,9.7283
5.7097,8.3118
7.8701,10.529
5.062,6.8252
10.191,10.917
9.4304,9.6212
6.2642,7.3049
8.0672,10.182
5.2855,7.8101
6.0645,6.2338
6.1327,7.6288
8.1084,9.6854
4.6368,7.8857
6.3523,7.9068
6.5532,7.2884
9.5733,9.6728
7.5196,10.333
9.0679,10.288
7.9565,9.0646
8.3731,9.3099
9.4439,9.6684
5.4229,6.3713
5.6012,5.7449
7.9331,7.0144
6.657,6.7082
7.573,6.1248
7.5602,6.3831
9.7812,10.165
6.5929,9.914
9.6341,10.509
6.0963,7.1393
8.8694,9.726
8.6191,9.9899
7.6425,9.2356
8.6426,9.299
5.5435,6.2482
5.134,6.698
4.7624,6.8995
7.7506,7.0301
7.2524,10.249
9.0067,10.841
5.6494,6.648
8.7365,9.5321
5.0839,6.9664
9.201,11.055
7.149,6.5019
5.0867,7.7708
8.4668,9.7111
7.6915,6.9269
6.3475,7.5718
9.903,9.8752
9.163,9.4069
7.584,7.4908
7.8779,10.065
7.0819,9.1041
6.026,7.8218
10.259,11.665
8.3969,9.9901
10.139,9.5523
9.9337,9.9546
5.9154,7.3322
7.4017,8.0288
7.8075,9.9073
8.7901,9.8307
6.7006,8.048
6.3326,7.1154
9.1248,10.026
5.7553,6.6311
6.1927,7.1882
11.674,10.161
5.6032,6.7685
7.9302,10.262
7.7847,9.8327
7.9397,7.2934
8.6614,9.4253
5.2928,7.063
8.0753,10.993
4.7747,6.1313
8.3641,10.266
7.4174,7.0326
7.1141,6.8745
8.394,9.8044
7.9238,10.017
8.3977,9.0294
9.6074,11.024
5.4774,6.2063
6.5971,7.1827
8.6002,9.2797
9.3121,9.4961
9.0393,10.557
8.4018,9.0518
11.528,9.6145
6.2691,6.6444
10.243,9.2155
6.7418,6.0159
7.1918,7.3372
6.8244,6.9772
7.2473,6.7694
7.9227,10.002
9.8487,10.545
6.9192,7.6383
6.8859,5.8741
9.3443,7.821
8.9517,10.008
8.7555,10.681
8.9136,9.6256
8.6292,9.7412
9.9943,10.81
8.6985,9.6637
8.3585,9.8556
6.8752,8.6691
8.9859,10.602
5.2567,8.1872
5.0452,6.1041
7.6143,10.212
5.6867,6.9971
7.0605,7.358
5.9255,7.7828
7.1159,6.9261
5.9065,7.7627
3.7118,7.3305
9.6066,7.8074
5.4535,6.6303
7.8464,9.7205
5.2744,6.0689
5.3718,6.924
9.5204,10.261
7.0669,8.1891
7.6291,10.794
6.8203,7.5321
10.721,10.465
8.9915,10.9
6.1112,6.0168
9.5283,9.7118
8.0503,9.5657
7.6292,6.5305
7.1637,7.9719
5.8532,6.4469
7.3551,7.4121
8.2679,9.689
7.9559,11.117
6.422,7.3156
9.3942,10.445
7.6399,9.9484
5.7894,6.376
9.6363,10.804
5.9389,6.9617
10.186,10.162
7.1159,10.625
10.194,8.9911
5.575,7.2977
8.476,11.04
6.7405,6.2988
8.9132,10.02
5.5252,7.6813
5.0853,6.4846
9.037,10.408
10.653,11.145
8.6585,8.924
7.9023,10.111
4.8575,7.9171
5.9867,7.8827
7.7292,6.2384
10.399,10.007
4.9163,7.4292
4.7564,6.9926
9.8547,10.736
9.7272,10.715
7.357,7.9447
6.3285,6.6166
6.0323,6.9916
9.4031,9.3083
7.8464,8.7813
6.8568,7.398
5.5986,6.0539
8.5095,11.053
5.2087,7.2854
11.875,10.446
6.3458,7.3163
5.3972,6.7735
9.3147,10.032
4.6809,6.7683
9.5149,8.6598
8.4866,10.672
5.6568,5.6871
6.3918,7.724
7.1564,8.2446
10.645,10.813
6.6085,6.2461
9.4465,10.824
7.7545,6.8937
3.7312,5.38
8.8618,9.2558
8.6075,10.348
7.1935,8.2558
9.7713,9.6863
8.799,10.062
9.1953,10.166
8.3861,6.6131
6.653,6.9898
9.105,9.815
4.4058,7.0921
8.7252,10.495
8.7918,9.4565
8.5007,10.885
7.7444,8.4589
6.9115,7.7774
7.5677,5.8955
9.7181,9.8958
5.479,7.9483
3.0498,6.093
9.9645,10.285
8.8138,10.189
5.0061,7.4479
6.8647,11.665
10.738,10.504
8.0559,9.1775
6.8581,7.2282
8.5323,10.362
8.6063,9.6994
10.493,9.7728
7.3968,9.1917
9.1423,9.8649
8.2109,9.4668
5.451,7.1611
9.0021,8.616
8.1081,9.7233
6.3657,6.8737
8.9766,10.042
5.2114,6.9125
5.5566,5.2625
4.005,6.5418
5.711,7.3008
7.1656,10.804
5.5094,7.6558
5.1492,6.3741
5.6959,7.599
9.1304,10.053
9.3284,9.9587
8.7669,10.477
10.132,9.6004
5.9396,7.3175
6.0014,6.6648
6.303,7.459
5.7353,6.6942
4.8025,7.0729
6.1068,7.4464
5.5356,6.046
7.9821,11.46
9.2154,9.907
3.6727,7.3619
7.4372,6.1799
5.9854,7.1065
5.0708,7.7527
7.2846,7.6846
5.9928,6.7462
7.8513,9.4338
8.1404,9.9137
5.2916,7.8882
10.045,10.446
5.9754,6.364
6.06,7.0758
7.2904,7.0193
9.3799,10.515
6.6151,6.7901
9.8396,9.8114
8.3529,9.8861
5.1267,6.0111
3.9229,7.3539
10.385,10.64
8.7241,9.6886
8.846,8.741
9.696,11.057
6.9872,7.3312
8.0215,9.7831
7.716,10.902
8.5057,10.107
4.1644,7.2926
9.0183,10.02
6.8117,7.0375
5.5018,7.9398
6.0036,9.4196
6.0443,7.0693
6.7268,8.0008
8.832,10.528
6.6473,6.9206
6.3838,6.6614
8.8499,9.0511
7.3049,7.1737
8.6605,10.536
10.145,9.4565
9.02,10.348
9.3786,8.7596
8.821,9.8335
6.5095,7.2578
7.9351,9.5462
6.5403,8.309
4.6582,8.1195
8.2235,9.5892
10.209,9.7205
10.07,8.786
5.4137,5.9632
7.6362,10.79
9.2038,9.5
9.7304,8.4854
6.8592,9.9135
3.8504,6.4275
9.462,10.461
10.272,10.933
8.4293,8.6388
8.8228,8.9091
7.6215,5.5447
8.5183,11.633
10.946,9.6653
10.542,10.303
10.619,10.227
10.473,10.748
3.8168,7.6129
10.606,9.6817
6.077,7.3658
5.1859,7.1899
5.1763,7.5723
5.6214,6.9705
7.421,7.6549
5.938,6.5412
7.719,10.307
7.8326,9.682
5.1863,6.4784
7.9666,10.171
9.186,10.522
7.3394,7.2719
9.0604,10.177
8.4702,9.1534
9.3474,8.655
5.8667,6.7571
4.4326,6.7866
10.72,8.7943
6.2264,8.0538
10.052,10.69
11.533,9.9248
5.354,6.6808
9.1882,10.12
5.5168,6.9819
9.5034,10.188
9.2591,10.293
8.4722,9.6533
8.5654,9.7071
4.8171,6.4921
10.229,9.8654
7.4806,10.088
6.84,6.7835
9.6888,9.0146
6.8722,6.8952
8.1304,5.616
5.8814,7.5557
5.6706,7.0502
6.2035,7.3531
7.8274,8.2298
9.7973,10.372
8.3621,9.9372
4.7861,6.3694
4.7325,8.0114
9.1777,8.9581
5.571,7.2782
8.7034,11.126
10.371,9.4023
11.552,10.558
8.9633,9.3721
10.033,9.4213
6.6006,5.8386
8.5334,11.079
4.5267,6.9252
5.9657,7.3898
8.3966,7.3988
4.9813,8.1899
7.8416,9.611
6.4974,7.5959
9.5986,10.138
6.7894,8.1702
9.2539,10.783
9.339,9.6883
9.1844,8.96
6.281,6.3224
8.7575,8.6384
6.4344,6.2122
5.938,6.7557
9.6608,10.559
4.8746,6.0571
6.0363,7.1345
8.6608,11.023
9.9626,9.4153
5.5496,7.931
5.4416,7.1523
8.776,10.697
5.6278,7.2244
8.9193,9.5676
9.2234,10.64
10.217,10.712
4.3564,7.1917
5.731,7.219
5.4443,6.9346
7.0021,7.5251
9.4284,9.951
5.8861,7.4731
5.3615,6.1577
5.1021,7.5943
4.6464,6.2632
9.9804,9.3382
5.8638,6.4351
4.8644,8.4062
9.073,10.192
9.0165,9.3948
7.9663,9.7263
6.8922,7.3277
9.728,9.6355
9.0209,10.177
6.2508,6.5339
9.1637,9.9954
6.0591,6.2251
5.9675,6.2429
5.7676,7.1393
9.8109,9.0775
8.3839,9.6068
7.4464,7.2483
7.8235,9.7137
10.002,8.9493
9.5317,10.912
7.3202,7.4374
8.6098,10.464
7.9138,9.8711
10.3,10.045
6.0134,9.7269
8.145,10.533
10.735,10.983
6.7715,7.804
9.9726,11.683
6.9782,9.8379
8.2252,9.742
10.619,8.8902
7.4149,6.989
8.2376,10.894
5.2728,6.3167
4.1213,7.163
7.4105,7.3733
10.351,10.856
8.2069,10.333
9.5195,9.7826
7.3858,9.8609
7.5167,6.6192
10.595,9.9581
7.0116,6.0625
9.4448,11.046
9.5259,9.8323
8.0645,8.8063
6.0492,6.9619
5.3471,7.4568
7.2381,6.8281
8.2945,9.5918
9.2574,11.105
8.158,10.001
7.5037,6.8166
7.2521,7.5766
10.422,10.053
6.7234,5.5823
10.34,10.52
7.5312,9.8423
5.4204,6.9636
6.9276,7.5083
8.2322,10.192
8.7552,9.322
7.753,7.828
10.224,10.188
6.7707,6.7414
6.1274,7.5167
5.1688,7.3157
8.8329,9.6499
7.17,6.4745
7.2579,7.988
6.019,7.2432
9.5972,10.533
8.7856,10.134
4.9902,6.9127
5.2417,6.407
8.6847,10.079
7.7585,10.659
7.8015,9.6169
6.274,7.9236
8.1154,10.557
8.4409,10.557
8.4399,9.9313
5.8178,7.4685
8.1609,8.324
7.769,6.6281
8.908,10.493
5.0357,7.7222
7.215,8.635
11.887,10.587
6.475,6.4826
5.0941,7.086
5.4577,7.8362
10.629,11.907
11.059,11.757
10.399,10.225
3.6358,7.3354
9.289,9.7824
7.6407,9.9391
8.8175,10.224
5.0239,7.7633
6.7928,7.6714
4.8419,6.4082
5.4907,6.3007
6.2521,7.7173
5.3925,7.2812
4.1248,7.0767
8.7583,10.667
4.2341,6.5751
8.4206,9.6657
11.42,9.9022
5.2986,7.1019
9.5497,8.7972
9.8881,9.6109
10.425,9.8274
10.224,10.259
5.2659,7.4447
6.597,6.5945
5.9629,6.9017
4.319,6.4521
6.6054,8.2361
7.7174,9.3274
7.4245,8.6645
8.3864,8.0146
11.655,10.891
9.0196,9.8793
4.2587,6.2739
6.3525,8.5998
9.5017,10.442
9.3635,10.135
7.4533,9.4154
10.625,10.187
10.447,10.211
7.4955,8.0036
7.5233,9.0384
6.5077,6.02
9.3161,11.497
5.9713,7.0059
6.2261,7.3412
7.566,9.1607
9.3425,10.979
9.9202,10.003
7.1248,6.8408
6.8469,8.4325
7.4255,5.907
8.7204,10.332
8.3457,10.096
4.3015,7.053
5.707,7.0648
6.0043,7.8784
6.6445,6.868
7.202,7.9218
7.0726,7.2566
7.128,6.8389
9.1947,9.2785
9.1457,9.9951
9.5901,9.8303
9.3988,10.619
8.3707,9.7886
7.2726,8.8912
9.8948,10.609
6.6784,9.077
9.2159,10.096
10.147,9.5136
4.0601,7.0951
5.6077,6.1209
7.3678,7.4852
5.5608,6.532
5.4904,8.4129
8.0924,10.187
5.6664,6.1136
9.9668,11.227
5.7731,7.0124
6.6179,6.0824
5.4818,6.3486
9.3963,11.1
5.8849,6.9157
7.7308,9.2559
9.7171,9.7516
4.7298,6.3043
4.8972,7.3482
8.3671,9.3465
6.4371,7.0435
6.1737,7.2294
9.2246,9.2881
7.2182,7.2796
8.7076,8.3704
7.3929,6.9095
7.866,7.3028
8.9028,10.236
8.4055,10.725
5.1243,6.9635
9.3619,10.569
8.835,10.463
4.8422,6.55
8.3512,8.3127
9.4556,11.429
10.204,10.903
9.3509,8.8205
7.8212,9.4398
9.5781,10.625
9.7852,9.5804
5.8598,5.7163
7.9064,8.7066
8.9764,10.844
6.3923,7.3778
7.7886,7.3822
5.5856,7.2679
9.3132,10.609
5.4799,7.1891
9.3028,10.002
8.9222,9.798
7.9313,9.0363
6.5621,7.9538
4.9216,7.4877
10.753,10.321
10.252,11.279
4.8475,8.1483
9.55,9.9374
7.6735,8.183
4.7083,8.3034
5.7777,7.2246
10.483,11.273
9.1051,10.218
10.353,10.478
6.7205,6.5568
8.4828,8.7996
7.1784,7.4923
9.399,9.476
7.6865,7.1004
8.1584,9.4465
8.2833,6.2771
5.5794,5.6437
6.1307,7.0157
7.0186,6.8621
9.0583,8.9606
9.7896,10.174
7.8032,9.3836
7.3858,9.2695
8.9444,7.7791
8.9609,9.7511
5.4914,7.223
6.8695,8.1111
5.4566,6.2782
8.4048,10.318
8.7937,11.12
5.8399,5.1033
6.6783,6.1267
5.5777,7.7458
8.8268,10.415
8.5749,10.856
5.5999,7.4339
8.2447,8.126
6.2518,7.0121
5.9705,6.1916
7.3734,9.6821
6.0285,7.8202
7.0625,6.4121
7.171,8.3708
9.5506,11.018
8.2554,10.181
5.3563,7.4798
9.7146,10.06
8.0788,9.9445
9.3519,10.085
4.2337,7.0031
6.5744,7.0045
10.499,9.7377
8.7405,9.053
5.9772,6.7552
9.8231,10.653
7.6412,9.8035
9.583,9.6142
6.0613,7.6361
4.1915,7.5914
8.6699,6.6184
9.0888,12.051
9.1059,10.568
6.8492,7.715
9.128,9.6801
5.8671,6.6547
6.9937,7.1349
6.0923,6.6819
5.8037,5.8082
8.5302,8.791
5.2751,7.3434
7.1799,7.7347
5.7461,6.6669
9.5442,9.7891
8.3558,9.6142
7.5747,9.7344
6.157,7.2707
7.9475,9.9187
8.6045,9.4933
7.6537,6.6031
7.2761,7.4425
8.271,10.436
7.7492,9.9862
8.4926,9.5978
9.2074,10.799
5.7092,6.9023
6.2197,7.3473
9.8439,10.863
8.9074,10.453
9.642,9.0571
6.1743,7.105
8.8319,10.981
9.3918,10.713
8.1379,6.9618
8.396,9.9116
8.2963,9.7525
7.3173,7.2091
7.2225,7.804
8.3114,9.4829
4.4056,6.9688
9.444,9.5309
7.207,10.197
8.9462,10.346
6.9674,5.647
9.2392,11.149
7.6573,10.809
4.6771,5.389
8.5275,9.617
7.4876,7.2613
6.9413,5.9071
4.5058,7.639
4.987,6.4577
8.4597,10.332
6.5669,7.0187
6.4944,5.2813
8.6533,9.5221
5.27,7.0609
9.1578,10.809
10.002,9.5938
7.6641,10.695
4.5375,6.7482
4.7422,7.239
7.4702,6.5706
5.5832,6.7129
7.3622,9.8932
9.2934,11.898
7.5437,8.8869
5.8065,6.0266
6.2217,6.4773
7.0814,7.1862
7.2691,7.785
8.2128,10.43
9.9244,9.049
8.7099,10.174
7.1721,6.5773
7.93,6.6705
9.3197,10.296
4.12,5.9864
6.1652,5.8286
11.63,10.441
9.7008,10.703
6.6302,6.8326
7.1053,10.329
4.4075,8.5779
7.2096,7.6882
10.97,11.858
7.8713,7.2758
5.728,5.8819
4.3469,5.8758
8.9384,9.1662
11.58,9.7061
7.2558,5.8879
4.1876,7.7936
9.7155,9.2545
6.3256,6.7941
4.5061,6.9396
10.324,9.7771
5.7605,6.2438
9.0983,10.281
4.8635,6.6074
6.4047,7.2618
8.2762,10.084
10.575,11.745
5.1706,6.2167
10.494,9.3638
8.3366,10.947
10.174,10.917
6.0681,6.0085
9.8032,10.181
8.2238,8.7938
10.121,10.432
7.8114,6.9076
9.0081,8.88
10.158,9.1807
4.7135,5.7032
5.3088,7.5812
4.8164,7.8904
7.5786,6.3302
9.6651,9.342
7.6164,6.7992
6.5748,7.6337
6.8209,6.3022
9.7754,10.502
8.3277,9.6554
5.2399,7.0001
9.2053,9.2325
6.7728,6.5252
6.2086,6.9133
5.3755,7.2054
9.8831,9.1806
5.7351,7.6495
8.3572,10.309
9.2046,9.9637
7.2737,9.7272
7.4685,7.4721
6.5039,7.1032
8.476,9.5941
5.6566,8.1918
9.2661,10.733
8.9655,6.9895
7.8892,10.027
10.632,10.975
7.8008,10.406
6.5581,6.8358
9.4877,9.4102
8.9937,10.212
5.3023,6.6921
5.8363,7.4659
9.0749,11.2
6.3685,6.6206
8.4179,10.064
6.8492,9.3153
8.6396,9.1668
6.4765,7.1054
7.8703,7.7798
9.1497,9.1393
8.1005,9.9186
5.3773,5.2533
6.9801,9.3605
10.089,10.624
5.2938,7.1308
3.9672,6.0548
9.7299,10.257
8.6357,9.8495
10.288,10.497
9.8749,10.281
6.1762,5.6187
9.1592,10.483
8.6384,9.8344
7.0346,10.359
7.7582,9.2943
5.8084,6.6192
9.1593,10.146
6.1894,8.1606
5.5148,6.9639
8.9087,9.8256
8.9779,10.44
6.62,8.5585
7.239,9.1358
9.0661,10.18
5.677,6.5514
8.2088,10.725
5.4175,6.9149
5.4505,7.1243
5.8951,6.8562
7.104,9.8024
5.0997,6.6168
9.6549,10.827
6.8418,6.9352
8.6661,8.9954
6.317,7.5543
9.2127,10.485
6.9597,6.8231
10.728,10.317
6.6504,7.0278
5.4039,7.3298
9.8483,10.908
8.8379,10.05
6.1635,7.6484
6.602,7.5545
9.6014,9.6346
5.5306,10.054
9.4685,8.8313
10.178,10.68
6.4915,7.3491
8.7768,9.26
4.8379,8.6143
9.1315,9.607
6.5379,10.393
4.9478,8.0549
5.9987,6.4208
10.712,10.475
9.9065,9.3377
4.9703,7.4727
6.3262,7.2926
8.1,9.9415
6.2595,7.1777
6.9815,6.8755
10.136,10.617
8.7416,10.251
9.5714,9.7671
4.9699,7.0313
4.8145,7.3161
7.6892,7.8462
6.7805,7.2723
7.114,7.7814
8.9042,10.41
8.2224,9.6512
4.9143,7.5238
7.9021,9.8478
6.5418,7.2394
10.552,10.628
7.6019,6.7302
7.0705,9.9466
4.6526,7.1842
5.3196,6.0902
7.765,6.9209
5.8511,6.9927
7.2165,10.181
5.7244,6.552
10.659,10.843
5.7718,7.2187
6.2916,7.3697
6.1501,6.8777
8.596,10.655
6.3984,7.0815
6.9049,7.7862
5.5458,7.4387
8.4377,10.447
6.7311,8.6275
4.9169,6.5042
6.9873,6.4798
7.289,9.4844
9.6721,10.28
9.2836,6.6097
4.4878,7.4916
8.8541,8.049
10.74,10.625
8.0552,9.8368
7.3211,9.4011
8.7024,8.9871
6.5489,7.0914
9.0634,9.298
5.5487,7.8053
6.3874,6.4776
9.0315,9.1757
8.8501,8.943
3.8264,7.9146
6.1173,6.8807
12.097,9.993
8.9754,8.9252
8.179,9.9937
5.8998,6.7287
5.5957,6.0378
10.34,9.6259
5.2608,6.2758
7.8445,10.421
7.0212,9.0422
6.2422,6.5727
5.9245,5.9842
9.2903,11.025
7.2019,10.638
6.5953,6.7902
7.3209,6.333
8.3552,10.644
8.7362,10.268
5.1199,7.0751
7.7185,9.6671
5.1478,7.36
9.2223,9.888
8.4907,9.3378
9.7945,9.6916
5.9232,6.7796
6.5314,6.5064
10.138,10.429
10.277,9.8375
7.3819,9.8149
9.4056,10.939
8.6224,10.028
6.6129,6.4658
10.022,9.0459
4.6193,7.414
5.601,4.4388
8.7886,10.358
7.5268,7.845
6.2879,6.9506
8.3756,10.162
9.3099,9.8647
6.6832,5.8213
8.9352,10.041
10.918,9.2737
5.3134,6.1054
4.4298,6.1325
8.9838,10.115
7.7486,9.1653
5.9446,7.1906
8.7607,10.423
5.6692,6.6317
7.2199,6.7529
8.1403,9.9072
7.1867,9.3044
6.0646,6.8323
9.6176,7.0889
8.5904,10.82
4.9151,7.2606
8.9696,10.889
5.5444,7.2534
7.2787,7.2902
4.3982,6.4852
8.6813,9.4459
4.7188,7.1917
7.189,6.8921
6.5022,6.2209
5.6977,5.5026
7.9713,8.7878
10.406,9.9999
9.6428,10.504
6.0525,6.513
5.4384,7.3278
6.2879,6.473
11.184,9.5306
9.1387,10.125
6.3231,8.8005
4.7474,7.7698
8.6888,9.3145
5.9772,7.3899
8.119,9.4691
9.0552,9.2954
9.3994,9.7623
4.88,7.9552
4.5242,6.9145
6.5412,7.3415
9.1829,9.3949
6.5177,6.2945
9.3051,10.772
6.1374,6.9297
7.3183,6.3495
4.966,6.5783
5.8494,7.0688
8.3134,10.615
5.1103,7.9472
6.737,10.503
10.033,9.717
6.8207,6.7549
5.5296,6.5054
8.9565,10.748
6.151,6.15
5.1166,6.1119
5.5718,6.804
9.3617,10.017
7.9986,7.6505
7.8725,7.2907
9.2091,9.0281
8.4498,6.9339
5.8656,6.6293
6.2265,7.2284
8.0601,9.5248
5.9251,6.942
7.853,10.16
6.359,7.2813
9.8112,9.4957
10.433,9.8433
5.2886,6.0673
11.179,10.652
4.7169,7.6593
8.6119,10.427
9.3249,9.7595
7.8581,9.9104
7.7715,8.9274
7.1923,6.7772
9.8371,9.853
8.2231,10.575
4.6633,7.1813
8.2207,10.553
5.0153,6.5744
9.8436,10.49
8.8486,9.7745
4.6111,5.9934
6.6106,7.5166
9.1485,11.516
6.8273,6.3176
10.781,9.2382
7.1819,7.8818
8.8594,9.9559
9.1137,10.206
4.9882,5.8994
7.34,6.6854
5.9717,7.5508
4.8027,6.8563
8.1744,7.1907
4.2693,6.7915
5.2595,5.3746
7.3948,7.8424
7.5841,6.6291
6.4449,6.517
8.8397,10.771
10.973,10.048
5.1309,7.8079
9.2848,10.971
8.6619,10.447
6.3845,6.5727
9.1412,9.0598
5.6666,6.2736
6.7381,7.7657
4.5916,7.3102
9.5161,10.65
7.5592,6.5378
8.3535,9.9999
8.0284,8.9244
8.3233,9.1258
6.6869,9.1516
9.0993,10.065
8.8282,10.321
5.6744,8.1138
9.3313,10.087
5.4341,5.2706
8.9149,10.381
7.9497,11.022
7.8754,7.2153
8.1173,6.5613
7.6838,8.8247
6.3858,7.5632
8.8197,8.7326
6.7713,7.0044
5.1105,7.2726
5.8639,6.4269
8.9741,10.561
9.1843,10.76
10.417,9.1302
9.5566,9.0758
5.328,8.0889
6.0327,6.6784
6.8225,9.4075
7.7149,7.4078
6.647,7.5009
9.3036,10.729
8.87,9.4963
8.9107,10.207
4.7193,6.9397
10.556,9.8395
5.906,7.1402
9.1532,10.454
9.8176,9.777
7.7454,8.2091
6.0132,6.3213
6.7407,5.8614
6.3038,5.4154
5.7086,6.6402
10.709,9.4822
8.2406,8.3271
8.6183,10.001
5.5367,6.6923
4.8598,7.7764
9.4446,10.029
6.3501,8.204
9.9049,8.8822
8.5551,9.2051
6.851,6.0092
5.5901,6.0579
6.9529,6.0708
10.042,11.953
7.5026,10.031
8.9591,9.463
11.193,9.2344
6.1044,5.3059
5.5587,6.4725
7.1541,5.8493
6.2357,6.1701
6.9473,6.7887
5.9191,6.781
6.6128,6.0287
7.9482,7.4266
5.6854,7.346
6.3186,7.7872
7.5786,7.1069
5.6163,7.1909
7.3901,7.016
6.1639,6.7047
5.2856,5.4466
6.1481,5.7283
4.5369,6.9155
6.8602,7.2655
9.508,9.2237
7.9791,10.351
7.6884,10.901
4.7423,5.6493
8.1559,8.5708
8.9319,10.796
5.8929,8.033
9.6526,10.063
6.4937,8.7684
7.8106,9.2921
8.7737,10.179
8.3788,9.1559
4.686,7.3631
8.5294,10.651
8.9946,10.422
6.4141,6.5402
4.812,7.401
10.034,9.2005
10.886,9.5882
9.4398,9.738
6.3769,7.4569
6.9118,9.1971
9.4583,9.9961
7.2469,7.331
4.7015,7.1485
4.8057,6.8204
9.9411,10.414
5.026,7.3642
10.816,10.714
7.114,8.0633
5.6124,6.7284
9.2533,9.1252
9.0923,10.187
6.596,9.1918
9.4288,11.247
8.0617,8.0272
9.7783,9.9694
6.626,10.143
11.329,10.151
5.4968,6.2507
6.4652,7.0962
4.4816,6.2997
6.0229,6.1744
8.8025,10.49
5.2297,7.1033
6.5858,6.4882
5.58,6.0288
9.1676,10.262
7.4565,9.8471
7.0988,8.3513
8.5067,9.5831
5.4827,8.1482
8.0266,5.3025
8.3402,10.351
6.3537,7.9251
9.1596,9.6067
9.7019,10.731
9.9494,10.613
7.9262,10.489
6.2069,6.0278
5.4934,7.4668
6.3198,7.7491
9.2338,8.8777
7.6106,10.586
10.233,10.913
9.3535,10.053
6.123,6.6
6.7967,8.108
8.7921,11.579
5.6852,5.8289
6.6223,7.6007
8.1293,10.448
9.5471,11.228
5.5061,7.8774
6.1812,7.5482
8.9753,10.021
5.1071,6.3933
6.1722,6.528
4.5956,7.8793
7.0524,7.6041
8.6261,9.8136
4.2796,7.4659
5.8266,7.4669
8.1542,9.4351
6.0278,6.275
6.2706,6.8605
11.359,9.7637
5.1158,7.2891
5.2973,5.7174
5.2329,6.9342
5.7572,7.3644
10.569,9.5702
9.5697,9.4039
6.4636,6.3881
8.9932,9.9673
5.4668,6.9483
4.9,7.0794
7.1445,9.4076
6.9913,5.8129
10.386,9.7847
5.6168,6.7727
9.6473,9.449
6.4702,7.9167
10.152,11.414
6.3868,5.8778
4.7376,6.3475
9.8431,11.134
6.4731,7.5711
6.9326,7.19
6.5089,7.4037
8.3845,10.205
7.3829,10.748
8.5123,11.375
8.2817,11.267
8.7548,10.337
4.7257,6.9529
9.7622,9.7236
9.0372,9.6378
9.6177,9.9681
7.7084,6.5603
5.3883,7.0576
8.5943,9.2944
4.9824,5.9675
6.2921,6.8712
9.2947,9.8739
7.9532,9.6455
5.5736,7.2011
7.3758,6.8536
6.8592,7.9343
6.0455,7.4674
8.0429,8.7676
8.7136,9.8693
7.7383,8.1516
6.9628,10.549
10.95,8.956
8.636,10.3
8.8213,10.182
7.5156,7.7888
5.2761,6.6421
6.8848,7.0069
7.8632,9.8677
9.2576,8.8088
8.5698,10.788
8.2356,10.792
6.9313,6.5769
9.8407,11.039
6.3527,7.575
4.9327,6.0533
5.9277,6.9225
10.389,9.9049
6.5381,7.6529
7.8374,11.441
6.3019,6.1139
6.9893,7.3473
3.5419,6.2148
6.2138,6.0569
8.1172,8.7953
7.0357,6.8843
10.371,10.562
8.4272,10.336
6.113,6.6456
8.5924,10.616
6.9087,7.008
6.658,7.2813
10.446,9.1024
9.6861,10.175
5.4522,6.5883
6.055,6.6072
6.4526,6.8915
10.192,10.798
3.7498,8.1741
4.9166,6.7422
6.5486,5.8158
6.6426,7.1514
9.7957,10.012
6.0639,7.8623
9.2524,7.8551
9.3951,8.6734
6.2962,6.7843
7.4785,9.0606
5.85,7.2066
3.7956,7.7397
6.8794,6.9879
5.9504,5.202
1.8485,7.6112
9.2275,9.4455
8.7509,9.7125
8.759,10.304
9.0145,9.6052
7.5201,10.314
4.3138,6.5174
8.6858,9.2652
7.6223,7.8996
6.7076,7.0351
4.7437,5.8194
9.9961,9.207
7.7269,7.5729
4.8798,8.3905
9.0881,10.05
6.7958,7.6663
5.5365,7.2941
8.1194,9.4499
9.9462,8.836
8.925,9.0059
7.1842,8.072
5.5326,6.9022
5.6761,5.7876
8.4886,11.112
8.7663,10.285
8.8428,9.7717
6.4319,7.9431
6.2804,7.33
6.4086,5.8104
5.3472,8.181
10.144,9.9507
6.0201,5.4833
8.4874,9.7568
4.4232,7.9001
7.4258,7.4042
5.9729,7.8724
5.9896,7.3767
7.781,10.475
10.823,10.029
6.1196,7.6506
5.798,7.2622
6.623,7.1751
7.2744,6.5752
4.8128,6.1764
7.0779,10.578
4.7192,6.8573
6.0955,6.1307
5.0258,8.1945
7.9077,8.7616
6.1881,7.1152
5.8553,7.7246
9.9319,9.9044
5.6382,6.8127
4.2232,6.5605
8.3968,6.9223
7.7396,7.5632
7.5139,10.615
7.7952,10.371
8.5077,9.8065
5.2963,5.3375
7.7831,9.7585
8.5033,11.361
9.736,10.852
5.4754,7.4232
6.163,6.774
8.8233,9.7179
10.028,9.9475
10.247,9.9274
6.1084,7.4054
3.5055,5.7866
8.9652,10.816
4.7806,5.9592
6.4868,6.8434
3.4514,7.2151
9.3637,9.5368
7.9595,10.465
10.864,10.224
4.5927,6.8739
8.2999,7.8668
8.467,9.5839
7.4863,7.8541
5.2361,7.7036
8.0511,9.9157
7.5629,8.881
5.1953,6.3979
10.55,10.892
4.6965,6.9682
4.5823,5.4664
5.2689,6.6029
8.571,9.2376
5.4241,6.4389
7.2917,10.096
8.7802,9.6816
9.6486,9.8228
9.0957,10.818
9.759,10.313
6.4432,7.1806
7.0295,10.296
8.8857,9.7334
7.3779,9.8585
7.1992,10.359
4.2009,6.2738
9.2312,10.764
6.7309,6.6321
6.2366,7.7383
6.8887,7.7162
7.9982,10.84
9.9191,9.9368
9.1044,9.2314
5.74,7.681
5.5619,7.051
7.0154,7.2728
6.3011,8.2593
6.1571,6.2619
6.8644,8.0981
8.874,10.336
7.9329,10.984
9.7523,9.4171
5.4974,6.8763
6.8626,8.3292
9.131,9.7766
9.2754,10.641
8.036,9.8042
5.6579,5.9733
6.8014,7.0223
7.9437,9.282
9.8015,10.639
4.6921,6.8544
4.5442,7.4244
7.6713,6.0837
7.918,10.346
7.871,8.7542
9.282,9.7297
4.8539,6.7017
11.545,9.7066
8.2679,10.383
9.7262,9.2996
4.2303,7.0057
9.1497,10.656
8.0733,9.5852
8.0609,9.4228
7.7799,10.531
7.255,6.0446
9.0079,9.7768
5.831,6.8247
5.4151,5.0794
9.4432,10.532
8.1071,9.5216
8.0813,9.9957
8.2059,9.6403
5.0914,6.6586
8.0134,9.6446
7.6274,10.432
5.4093,8.1874
5.4185,7.2965
5.3658,6.4889
8.9466,10.197
9.2481,10.963
6.8266,7.1768
9.6996,9.6401
8.7811,9.864
7.0308,6.799
9.0687,10.943
5.9047,7.384
3.9601,6.6653
9.404,9.8888
6.357,6.0662
8.9764,8.6974
5.7833,7.4627
6.0888,6.8335
5.4809,6.565
5.9138,6.8736
5.0632,6.688
4.6529,7.0089
9.3156,8.7808
10.292,9.5422
5.5326,6.7778
8.059,9.7645
9.8245,11.75
5.6794,5.8918
8.3896,9.4294
4.9451,6.5221
9.6208,10.826
7.8005,9.5681
6.2777,6.7979
8.9514,10.018
9.4987,8.5487
5.8564,7.1729
5.4711,8.1069
5.7445,5.5401
9.0968,10.074
9.0018,9.6335
8.0703,7.1719
10.083,10.569
6.8206,6.884
6.0951,5.9648
4.7642,7.7494
4.8691,6.7358
8.3336,9.6081
7.6854,7.1757
9.4444,11.524
8.3478,8.7346
9.2501,10.886
7.4425,6.677
9.1169,9.497
9.0658,10.09
6.0009,7.4131
4.7227,8.7647
8.9354,9.4311
5.827,7.2098
5.1176,6.9416
5.3266,6.4668
7.1048,7.4238
4.1768,7.1719
5.4975,7.1419
7.6198,9.9297
11.322,10.942
5.6912,6.0459
5.5447,7.6166
7.5904,9.2788
6.1221,7.5407
6.4896,7.574
5.2365,6.8138
9.5799,10.043
6.3404,6.834
9.0621,9.5796
6.3438,7.023
5.8131,8.6226
5.5859,6.6121
5.7217,7.2254
8.7379,10.106
6.7303,7.9988
8.7141,10.453
7.203,6.208
6.5031,6.4481
5.8418,7.3923
6.5024,6.8443
9.7519,10.071
10.937,11.547
6.6114,7.3253
5.733,6.8801
5.7244,7.916
10.012,9.9434
8.8765,10.073
7.9361,9.5342
10.035,11.067
7.3004,6.9267
7.6251,11.385
5.9957,7.9662
5.6475,7.1325
5.0497,8.0371
6.2015,8.1946
6.3876,8.291
5.0249,7.1354
8.9998,9.7943
4.6134,7.8595
6.6121,7.2266
8.0233,9.1577
4.6823,7.5296
7.805,9.7701
7.84,9.7459
6.6957,7.2259
5.8179,6.8769
6.7329,9.5699
5.0516,7.1573
6.2488,8.2845
5.3704,5.1548
8.4468,10.185
9.8235,10.292
4.7568,7.0011
9.6345,10.82
3.399,6.4052
10.862,10.02
5.7174,7.1729
7.0811,6.6273
6.6293,7.9966
10.078,10.508
9.462,9.0564
9.8086,9.1088
6.1692,7.0799
8.5965,9.0951
5.8522,6.6023
7.0547,6.6959
7.0196,8.0039
8.376,10.676
4.7456,7.4085
8.08,7.2884
9.2782,9.419
7.3671,6.638
9.3115,9.2129
7.4185,7.0185
8.757,10.257
4.5109,6.3028
7.1439,7.6167
5.9126,7.4013
9.6869,10.39
10.959,10.409
5.7587,7.1828
6.5264,9.2571
11.884,11.045
6.0704,7.0896
5.3163,7.1734
5.8104,6.2037
5.8481,8.0909
7.7892,5.2845
8.6937,12.628
6.3564,7.2577
7.1079,9.9416
6.0349,7.9426
9.5283,9.6652
6.8952,7.6956
8.4375,9.8634
7.0636,6.6071
6.3011,8.3292
7.3013,6.2136
7.9997,5.7556
5.1736,5.3535
5.1199,7.1619
8.4109,10.066
5.9733,6.8767
9.3727,9.8083
8.8202,10.196
5.3233,5.6109
9.9401,10.115
6.8279,7.5287
9.4289,8.8972
8.8069,11.38
7.3343,10.003
4.5275,6.7147
8.4034,9.9847
9.25,9.5896
8.4209,9.0272
9.1843,9.4376
8.9235,10.68
8.0811,10.012
9.8837,9.9627
7.7115,6.6241
9.1207,10.487
7.253,7.8783
5.9456,5.8277
6.7335,7.4607
7.0756,6.7342
9.5426,9.8417
11.155,10.178
6.3109,6.2314
7.317,6.597
9.225,10.143
6.8436,10.268
9.0048,9.4933
6.4303,7.1226
9.254,9.7622
10.108,11.041
5.6628,7.1684
6.6349,6.9158
6.9471,7.3985
7.7918,7.8397
5.3205,6.1271
9.2706,10.699
9.8592,9.9807
10.499,9.8904
6.7079,5.583
8.099,10.536
8.8429,8.6045
6.9082,5.895
5.7238,6.6337
8.8683,10.475
4.2256,6.5297
7.7341,9.9252
8.3908,9.1611
4.7165,6.3048
4.6299,6.0398
10.491,8.5404
5.4875,7.0719
9.893,10.319
11.174,9.1964
10.092,9.2238
10.224,9.2925
9.9383,10.55
7.795,5.9276
5.4806,6.1907
9.3339,10.875
10.07,9.4796
9.1963,10.521
8.0404,11.017
9.4626,9.3435
9.5812,10.299
6.3468,6.9647
5.1972,7.0352
8.2793,7.9045
12.471,10.87
7.6794,7.4168
5.9083,9.3604
7.2153,7.5391
6.0288,7.9031
7.8654,7.0133
7.4253,6.3251
9.6671,9.3326
8.1484,9.0042
7.0367,6.9522
10.173,11.249
8.572,10.579
6.7648,7.7711
7.4361,7.5859
8.3591,10.855
10.075,8.8045
5.9028,5.9782
9.1167,9.8726
9.1882,10.304
7.236,10.109
8.5233,10.218
7.2606,6.7557
7.1796,6.2713
5.0066,8.2231
9.6534,9.837
9.9549,10.005
6.5045,6.7464
9.7166,11.618
5.5657,5.8915
9.0925,9.2907
10.011,10.259
7.0138,7.4117
8.0917,9.5788
5.6955,6.9026
9.5121,9.4116
9.2504,10.038
7.9532,10.407
7.8046,7.427
9.4488,9.7751
7.7594,8.2863
9.3563,10.528
8.2477,9.2034
7.1359,6.8111
8.7752,9.8838
6.224,5.825
6.3745,7.7081
5.4085,7.0603
9.0613,10.259
7.5371,6.2876
7.9847,10.167
5.6601,7.3916
6.5028,6.5855
7.8342,8.9913
6.5888,7.3509
4.1467,6.9311
5.6761,8.1768
9.1617,10.419
8.7903,9.1604
6.7007,6.977
10.045,10.013
8.0421,8.1304
6.1299,7.1421
5.3934,5.1394
8.4644,10.889
8.8316,10.439
4.7834,7.421
5.29,6.0694
4.7869,4.8357
8.9066,9.181
7.8692,9.6816
6.2875,6.9342
8.1468,10.23
7.936,10.21
6.7871,10.272
9.1281,10.389
7.5877,10.676
5.8728,6.3329
6.9894,6.9093
10.752,10.133
6.0587,7.0707
8.6163,9.8614
9.9677,9.2902
11.789,9.2454
8.0677,9.7617
5.1384,6.7367
6.3246,7.0108
7.6171,8.3202
6.4096,7.7609
8.3372,10.147
5.1483,7.1608
8.939,8.9605
8.9229,10.154
10.409,9.9117
9.0018,9.1669
7.9524,10.285
5.0538,6.8742
5.6563,6.4793
5.3282,8.1442
5.3873,5.8169
8.236,10.867
8.2587,10.69
5.0085,6.236
6.2885,9.1735
5.5633,8.0536
4.5802,5.8282
8.3957,9.2179
4.6789,7.121
8.085,10.155
10.017,10.385
9.1664,9.5385
10.593,10.749
5.9404,6.4896
9.5952,10.045
6.1023,7.6133
9.5119,11.029
9.3553,9.3289
7.9699,9.073
10.383,9.2681
9.1543,10.029
4.2693,5.8065
8.5793,10.131
6.3505,6.3559
8.8946,10.464
8.7954,9.6246
9.0009,9.1291
6.0458,6.8717
9.3112,10.048
7.0107,9.0469
5.392,5.9401
4.7103,7.1454
6.6978,7.0663
9.6237,10.214
5.8791,7.383
7.8276,9.8386
9.8004,9.0987
4.9438,7.5657
7.0108,6.2352
6.0585,7.135
6.2545,7.2986
8.5087,10.451
8.404,10.534
9.3083,10.276
8.3416,10.151
9.1429,9.7363
8.5302,9.6128
7.1865,7.3434
5.2908,5.8744
6.6341,8.6235
9.327,9.4074
8.8266,10.588
5.2724,6.4599
8.8544,8.9929
4.9072,5.4495
6.5703,6.1642
5.8675,7.7876
6.2941,6.0373
8.8702,9.0867
9.8378,9.4745
9.3278,10.706
5.8787,7.2139
8.9469,9.3683
7.511,8.1234
7.6773,10.347
4.8207,7.8973
5.9204,7.4257
8.8132,10.36
8.2027,10.424
8.167,10.575
5.6864,6.416
4.7988,7.6565
6.604,6.5871
9.6032,9.2432
7.2746,10.89
6.6512,6.5855
6.7411,6.2716
9.5005,9.0777
10.578,10.548
6.4775,6.4712
9.149,9.413
8.9524,9.8582
9.9564,10.334
6.2499,6.7217
9.0121,10.023
7.6493,6.3565
7.4482,9.0452
5.327,7.496
10.234,9.8383
7.2893,9.6102
10.044,8.8794
4.7195,7.008
7.5255,7.5166
9.6556,9.4236
9.6927,9.7466
7.5155,10.605
8.9893,8.809
7.7128,9.6197
7.77,10.473
6.3588,6.0608
4.5137,6.2325
8.5903,10.225
6.3987,7.5351
6.5199,6.267
9.4252,9.1104
6.5167,5.7002
9.4258,9.4239
6.5772,8.4953
6.805,10.157
8.1514,6.4809
6.1884,6.1314
9.0938,9.4262
8.6922,9.2864
8.0715,9.7684
9.9145,9.6508
6.4697,7.5661
5.9062,6.1312
6.4746,6.9478
6.6267,7.4393
5.7031,6.8427
8.8248,10.253
10.033,9.5475
9.4848,9.5986
5.8965,7.4936
9.0126,10.83
6.4662,6.5921
5.5162,6.6158
10.889,10.436
9.8707,10.155
3.8808,7.2018
7.2002,6.9829
9.1725,10.872
8.7137,9.7399
7.7988,11.16
10.245,9.1088
6.3309,5.9052
9.1536,10.445
8.6364,9.7349
6.2528,6.1189
6.3475,7.181
5.613,7.0376
9.12,10.538
10.554,10.805
8.688,8.2199
5.074,7.3463
10.008,10.467
4.563,6.6429
8.9284,10.87
4.9492,7.6655
3.8599,6.2735
6.6995,8.5346
7.6575,7.6867
9.1231,11.407
5.4506,5.9982
5.9426,6.2668
9.8215,10.479
7.0403,5.8783
5.8447,6.4568
5.5606,7.246
9.9025,10.781
6.8679,5.6957
9.0136,10.272
10.216,10.043
7.1614,8.0021
5.3685,5.5391
6.6749,9.7391
7.7894,9.3119
6.08,6.9949
5.2233,6.9433
5.6125,6.7697
7.4468,6.8278
9.9805,9.2353
6.8391,9.5188
10.201,10.58
9.2035,9.0446
10.66,10.871
9.2668,10.566
5.0554,7.9226
8.7006,10.06
5.6301,8.1941
9.2451,10.589
5.8851,6.1807
4.6299,7.3099
6.6871,5.9499
7.4665,10.496
6.3372,6.3116
5.7395,6.1818
4.9771,6.9085
5.9099,6.9271
4.8101,6.9701
4.3652,6.9766
9.6532,11.38
5.8359,7.3911
9.0385,10.325
7.4973,7.3984
4.6878,7.8867
6.5052,5.442
6.3591,7.4962
4.8583,6.2233
9.4705,9.5552
9.5746,10.248
6.0223,6.2658
9.8461,9.7319
4.6337,6.29
9.3953,9.944
7.1045,7.5083
8.8422,7.0703
6.0505,7.1111
5.0828,7.7649
6.3356,6.8333
8.6794,10.873
7.206,7.3913
10.155,10.283
5.6746,6.9944
5.2948,6.3981
6.7667,7.1404
4.8639,6.5075
9.3648,9.098
8.7798,9.5285
11.318,10.983
9.0844,9.8326
7.4441,10.059
9.1767,10.581
5.2711,7.5977
5.4519,7.6025
9.1924,10.14
9.872,10.332
8.3258,11.092
8.5004,10.465
4.811,6.6391
9.3891,8.9147
10.297,10.752
5.8614,6.6315
10.284,9.7799
9.1958,9.7445
5.5988,7.6213
5.2757,5.3142
8.8501,9.5922
7.1761,9.2224
6.0022,6.2593
8.7147,10.094
6.7543,8.3923
8.3493,6.738
7.1206,6.2889
8.286,9.6047
10.246,9.6398
6.7428,7.6314
7.4423,10.235
8.606,10.248
8.8224,11.048
6.328,8.4168
9.1698,9.3626
6.3015,6.4914
6.2089,7.7562
5.3752,7.1078
8.0295,10.549
8.3799,7.7098
7.8238,7.6178
6.8302,6.2808
6.3508,10.294
4.9511,6.5456
6.7996,8.9902
7.7093,8.865
4.8372,5.945
4.1285,6.7248
3.6329,7.0435
8.3351,9.8619
8.0141,7.3028
11.372,9.5348
10.128,9.4195
6.3221,7.0187
5.6598,7.2002
8.4772,10.275
6.746,6.495
9.4129,9.7032
8.0968,8.8712
4.757,7.9326
5.8964,5.9043
7.4696,7.9652
8.9608,9.9883
8.3963,10.791
5.1468,7.5683
8.2597,9.5469
6.959,7.912
10.982,10.015
8.7784,9.4824
5.1043,6.7401
6.2409,5.3083
6.7043,10.163
6.4487,6.3627
9.4437,10.04
8.9427,10.626
6.3856,6.2383
9.3735,9.4715
9.7332,10.064
8.885,11.359
7.0967,8.0761
4.6122,6.9533
10.53,9.4198
6.5859,8.1011
5.9453,7.6691
8.1067,10.396
7.5608,9.6894
8.5722,9.8604
10.037,10.458
9.4868,10.604
10.218,10.052
5.0394,7.2274
8.8984,9.2749
5.0228,6.9381
8.4757,9.2638
8.8163,10.086
4.7685,7.8483
5.8791,7.0112
9.7165,10.099
10.12,9.8058
8.2156,8.2428
9.302,11.871
9.2241,9.4349
5.2344,7.2777
5.1811,7.5511
8.5039,9.2599
7.0348,5.7308
10.673,9.9053
9.2459,9.7163
10.594,9.6228
8.8286,10.116
7.277,10.251
4.4644,6.779
10.319,10.38
5.8219,7.5578
4.7352,6.4337
8.2238,8.5655
10.977,10.616
5.0354,8.1453
9.3886,10.015
7.8897,10.452
4.7413,5.4569
6.1761,5.9724
9.3529,11.382
7.201,7.2756
5.4985,6.6605
8.6197,8.9258
11.081,9.7872
5.412,10.453
5.2346,6.7074
8.3055,9.357
8.6239,10.05
9.866,9.3485
9.8565,10.012
5.495,7.546
8.7042,9.9655
7.2728,6.8091
5.5503,7.7482
5.7333,6.7808
8.8845,10.077
7.2419,6.3603
5.9823,7.1834
7.0659,6.8091
8.6837,9.9097
9.022,9.3725
6.616,7.256
6.7245,6.8009
5.2603,6.0342
5.6281,6.2466
6.0713,8.6877
11.531,11.617
7.7633,7.4281
8.5514,9.8348
8.9605,9.7681
12.211,10.081
7.9649,6.4001
9.6526,9.0846
8.4252,8.6072
4.6822,6.4527
5.4521,6.5088
6.546,10
6.4519,7.2025
9.4271,9.9538
10.816,10.224
5.1229,6.2964
5.8021,5.905
9.0043,10.061
9.9725,9.5402
4.2448,6.8173
6.1707,6.2161
10.979,10.881
7.1903,9.2837
9.1993,9.203
8.9571,10.348
9.8047,10.849
6.8647,10.333
3.9659,7.8531
9.4078,11.199
9.7551,10.712
7.682,7.4648
5.9177,6.0723
7.2894,6.9502
7.3075,5.9664
8.6406,7.0514
6.398,7.5773
9.5645,10.018
9.3074,11.24
9.6247,9.8227
7.7076,10.657
5.8609,6.7225
8.1814,10.984
8.5379,9.6677
9.1978,9.5896
7.6929,9.758
10.392,9.9146
6.7535,7.7758
7.2875,7.2916
8.6085,9.0336
9.3605,9.5231
9.7807,10.53
7.5673,6.9206
6.9459,9.1111
3.8467,8.0338
5.8681,6.9821
6.1674,7.0175
4.862,6.7921
6.6913,7.2729
5.9546,7.9036
4.9059,6.7242
6.3507,10.345
8.775,9.2406
4.2359,7.4282
4.5398,6.685
5.5704,7.2843
8.9861,10.835
6.0326,6.6811
4.953,6.4288
6.426,6.5338
6.7613,6.5541
8.6187,10.036
6.1652,5.2769
8.9508,10.296
10.695,10.238
8.1455,9.2641
5.2927,8.4251
8.5566,7.2821
6.861,6.6975
8.6514,10.667
7.7374,6.4697
8.5552,9.4966
9.1377,10.808
7.2642,11.242
6.5437,8.3692
8.6408,10.349
10.09,10.172
7.398,6.4973
7.363,5.315
8.7156,8.7716
5.5095,5.3684
6.5547,6.8346
4.8212,5.4193
4.9866,5.7088
4.4191,6.6044
7.6691,7.1613
10.685,10.535
5.9383,8.3715
11.139,10.115
8.3792,9.8519
7.6818,10.174
11.283,8.8399
8.6907,9.2681
10.112,10.414
4.3701,6.8061
6.8609,8.2779
8.5229,8.6328
9.7891,9.768
8.9995,11.363
8.3213,9.2901
9.3453,10.456
5.8725,6.345
11.19,7.7382
9.978,10.084
7.6299,10.505
7.1466,7.8377
6.6431,8.1879
7.3531,5.8862
9.4258,9.7207
5.179,7.2091
9.5352,10.275
8.3475,9.1812
9.0529,10.232
7.0389,9.9152
8.133,9.6617
6.3466,8.5221
4.7739,6.8341
9.3832,10.061
9.1265,10.51
7.3372,7.4417
5.9022,7.7984
9.139,9.8695
6.8859,6.1666
6.1085,7.6881
7.4709,6.2692
6.5567,6.7079
7.3533,5.8617
4.637,5.6269
8.7133,10.669
9.713,9.5829
7.155,11.527
7.137,10.444
5.7535,8.1837
4.8203,6.4481
6.4932,7.0341
8.6726,10.474
8.0185,7.3372
7.7525,6.7725
5.9565,8.333
7.9536,10.117
8.6008,9.7157
5.6051,7.3352
6.4188,9.6054
8.5726,9.8905
8.843,9.8884
6.2053,6.5982
8.2221,9.9798
6.2936,7.8905
5.9065,6.5575
8.0522,10.806
5.9497,7.4016
7.5928,6.7195
10.342,10.016
9.3264,10.411
6.814,6.8234
10.698,9.0778
3.7463,6.1407
5.4301,6.4481
6.2062,6.5016
5.1875,8.7018
8.0574,10.4
7.4872,6.9762
8.2088,9.3721
9.1054,10.619
8.8055,9.5157
6.7419,10.077
8.5744,9.885
8.3141,7.0189
8.3365,9.812
10.882,9.2164
4.0997,5.4121
4.3429,6.6317
8.2649,9.3963
5.712,5.7263
5.3996,5.5907
4.0983,5.6745
8.1482,9.5932
5.3852,7.0084
7.7111,9.4127
6.2805,7.5858
6.4232,7.4177
5.2689,5.78
5.8616,9.1624
9.2933,10.093
6.3298,6.4759
8.0205,9.8108
9.7206,9.9637
8.4982,12.117
10.174,9.9958
5.0129,7.408
6.886,6.9002
8.0527,6.3778
12.054,10.903
6.0445,6.6595
9.7434,10.233
4.5333,7.8276
10.559,10.129
4.9669,6.4833
6.1535,6.1617
8.9699,10.026
7.3995,8.3978
8.7107,10.733
7.4169,7.4906
9.9254,9.8498
6.2241,6.4175
6.3414,6.2876
9.0107,10.874
9.2307,10.265
7.7757,7.0658
4.4034,6.6395
9.5338,10.33
9.826,9.6395
4.1013,7.4167
6.9098,8.0364
6.407,7.3353
10.06,9.7711
10.911,11.456
8.6997,11.194
5.4341,7.8771
8.331,9.5895
7.5009,7.0869
9.1863,10.362
9.9412,8.0952
9.7942,8.0624
7.6807,6.5433
7.3644,9.7038
8.3189,9.4695
10.469,10.395
7.2101,9.559
9.3395,9.7664
7.2685,7.2668
5.722,7.1461
8.2693,8.5676
6.6315,7.3262
6.0483,7.5465
7.1778,6.5211
4.66,7.5888
6.4133,6.6107
9.9986,11.793
7.7059,9.8408
9.0899,10.484
8.2371,9.8151
5.3239,7.8338
3.5622,6.6744
5.4433,7.3237
4.5965,7.3995
4.9278,7.0488
7.3987,6.2551
7.2667,8.988
5.7107,7.4829
4.5851,7.5472
7.2834,6.5121
6.9244,6.4904
6.0214,7.4009
5.7519,6.6866
8.7538,10.368
9.2626,10.779
7.0203,9.6884
5.6841,7.1516
9.5841,10.014
7.5866,10.513
5.4586,6.9484
7.2184,7.2405
4.4406,7.1688
8.3448,9.6739
5.2584,7.6512
7.588,9.2579
5.6646,6.1964
4.9589,7.0984
7.9387,9.958
9.7005,9.6066
7.338,8.253
5.9348,6.4721
7.705,6.7311
7.6744,10.109
7.8334,9.9904
6.9717,8.601
4.2711,5.7956
10.052,10.568
7.0919,6.7283
6.5144,9.747
8.3368,11.584
8.5675,9.0471
6.3138,6.7608
9.322,10.874
8.8738,9.3458
8.7972,11.051
5.8439,7.6014
6.1836,10.406
4.2141,6.6472
6.8057,6.4956
8.6114,10.411
5.1289,7.4357
11.046,11.201
9.799,10.52
7.0121,5.9848
8.2818,9.817
4.6307,6.8755
4.8859,7.4316
5.7131,6.4799
8.9021,9.648
8.9559,11.006
7.6549,7.5102
9.0631,11.108
5.3545,8.1271
7.6135,7.6902
6.2009,7.525
6.9035,7.0254
6.1996,6.8202
7.2019,6.2181
6.0673,7.3903
5.8746,6.0148
5.8185,7.266
7.9493,8.5166
7.6253,9.4281
9.9703,10.511
5.3136,7.0374
5.6208,8.141
7.4834,7.587
7.0747,6.6339
8.9596,8.7644
9.1776,9.905
6.9346,6.4035
7.7082,9.2836
4.4093,6.7904
8.2899,9.0725
10.039,9.5634
8.4503,9.9683
9.9369,9.0525
5.678,6.7531
6.1782,6.1328
6.4547,7.3355
7.7194,9.5649
10.011,10.982
7.2856,6.4674
5.1808,7.2229
9.5684,9.9075
5.5115,6.8706
8.2207,10.522
4.808,6.1341
5.8115,7.3085
6.3988,7.4104
10.709,9.1462
5.5033,7.2589
6.549,6.867
8.7329,10.44
7.2294,6.6805
6.1759,7.4269
9.4803,9.9227
6.0308,6.809
7.4837,7.6992
8.5917,8.8437
7.7747,10.341
7.9737,10.494
7.9763,9.0983
8.0663,9.9435
7.9391,8.7268
10.373,9.8135
7.644,8.5081
9.1987,10.381
4.9982,6.637
9.6273,10.486
7.4284,9.3567
5.1056,6.6388
5.1853,6.1305
10.199,10.938
6.1496,8.6416
9.9398,10.604
5.9165,7.1827
2.8935,6.2607
6.9178,9.6804
8.9403,9.4728
6.3713,6.569
7.8366,8.8467
10.409,11.036
9.3715,10.114
7.8721,10.182
5.1534,6.127
9.9856,9.7886
6.8644,7.6031
3.4872,6.9509
4.3238,7.0553
6.4726,6.3159
6.9529,6.5288
9.3848,10.562
7.4396,6.8846
9.077,9.1251
6.0234,5.9751
9.8164,10.486
6.1515,7.5958
10.31,9.6621
7.9869,9.4946
5.6092,6.9145
7.4357,9.753
10.174,9.6399
6.8842,7.1599
5.3557,7.8766
8.4982,9.8462
9.9889,10.427
7.0592,8.5723
8.3305,10.029
7.1513,7.6178
8.0681,9.7393
8.5864,8.4241
7.8685,9.8979
9.8833,10.919
8.3761,9.6329
9.0237,11.649
9.8827,9.1248
4.7867,6.7929
5.752,7.8599
10.846,11.555
4.3026,8.0519
6.4114,7.1757
8.0366,10.524
8.6736,8.7817
11.105,9.2521
5.5169,6.7575
8.8584,11.009
8.8216,9.976
8.4822,9.4679
6.0993,6.6876
6.3691,8.0617
6.9769,10.875
5.6222,6.4785
5.7015,7.9938
5.1675,5.7168
6.9981,5.7553
9.1081,9.3441
6.8772,9.8891
9.2549,9.9896
6.3893,6.7111
8.7483,10.237
6.0185,7.5296
8.3677,9.1217
6.8616,7.8894
5.9204,6.8835
8.734,9.7517
5.0492,6.7098
8.4997,9.1931
4.4619,6.0694
4.3573,6.8171
9.7432,9.8636
8.8428,9.6119
4.5149,5.9851
9.1477,10.609
6.0918,6.7612
3.9098,7.652
4.9448,7.7974
6.4332,9.9618
6.0735,6.2821
5.6243,7.5292
7.9425,10.593
6.5813,6.1537
9.4963,11.095
9.2535,10.496
9.599,12.527
3.8585,7.0679
5.1678,7.3122
7.4038,9.1876
9.9504,9.6733
5.5019,6.7737
5.2018,6.8578
7.2501,8.2661
11.133,9.8776
6.7141,8.0651
8.0901,9.099
3.6803,6.2854
5.7195,6.6477
7.1077,6.8146
5.8895,5.6691
4.9189,7.1997
6.806,7.5798
7.064,7.6412
6.1409,6.2042
8.2072,10.544
5.5044,7.017
9.1966,10.273
5.1082,7.6379
3.2148,6.5405
10.227,9.7587
6.0241,5.2667
9.1848,10.496
7.4345,6.6288
7.5666,10.326
5.0786,6.4919
8.4416,9.1655
6.5792,8.1348
8.5945,10.264
3.8882,6.2343
9.3506,10.199
5.2116,7.423
9.9338,10.334
6.6071,7.5507
3.8924,6.8346
8.7045,8.0392
11.062,9.2584
8.7443,10.425
4.8646,6.0655
9.06,9.748
8.5788,9.3988
4.3863,7.6361
6.0834,6.6955
10.542,10.93
6.3931,6.4245
7.5341,10.379
7.8808,9.7122
7.0418,6.6285
7.4671,6.8305
9.0593,8.9374
6.209,5.7158
4.3932,6.0352
8.8514,9.6526
5.431,7.3809
5.6443,7.467
7.9811,6.7245
8.2504,10.775
5.1879,7.4154
5.966,7.5771
11.302,10.449
10.07,9.4175
6.4863,9.7836
9.2168,10.617
8.7283,9.9137
9.3322,9.5707
7.7929,9.7043
10.28,11.629
5.141,5.9913
4.3881,7.4238
9.122,10.734
5.1814,6.539
5.6659,6.5576
5.3669,7.6578
4.5964,7.9331
10.198,10.666
5.9124,6.3123
9.9084,9.522
4.1364,6.8898
6.3961,6.0055
9.6578,9.3015
8.642,10.036
8.54,10.083
6.9169,7.9043
8.9064,9.2909
10.419,9.8441
9.0121,10.604
7.0334,7.3765
6.8558,7.1858
8,10.196
8.6637,10.208
8.819,10.085
6.3939,6.2765
8.7201,7.3798
10.139,10.246
5.5323,6.3192
8.7686,10.578
5.7841,7.2846
8.7887,9.8828
5.7107,6.8212
9.5204,9.2931
8.5411,9.0525
6.1381,7.5739
5.0873,7.5618
10.431,10.476
5.2962,5.8615
5.2895,5.9674
9.3359,9.8725
8.2257,10.114
9.9491,9.281
9.6813,10.055
6.8471,8.3191
8.4901,9.8105
6.8012,5.9251
5.8403,6.8233
6.0262,7.3769
4.9754,5.4624
9.0402,10.589
8.094,6.7953
6.8622,7.3679
7.2308,5.875
6.4125,7.7204
6.0197,7.5351
7.0423,7.591
7.7458,10.254
4.6491,6.8518
7.7329,6.8024
11.492,11.35
8.7479,10.123
5.2034,7.7287
5.6138,7.8822
8.2965,9.4859
8.0051,10.082
6.5766,6.0633
4.085,6.1925
5.9408,7.7395
8.3762,11.996
8.7619,9.3114
5.2915,7.3243
11.156,11.459
6.1904,10.477
7.3678,5.235
8.3122,10.829
5.7454,7.1979
6.3925,6.8752
7.6767,10.325
9.3963,10.963
10.518,9.0934
5.6389,8.1123
8.9549,10.433
7.8316,9.454
10.123,9.8508
6.91,10.478
8.3008,10.54
9.0482,9.3415
5.0502,6.4933
9.1756,10.571
8.4255,10.041
10.565,11.429
7.4646,9.3066
8.5298,8.8025
11.249,8.3376
6.7294,7.2325
5.0147,6.5049
4.0097,6.4325
7.606,10.336
6.1272,6.6629
6.4292,7.6749
6.0911,7.7399
10.208,9.6919
5.7783,6.3282
9.4089,9.0172
9.6775,9.6158
9.639,9.4552
8.5951,9.9207
5.9571,6.8858
5.2102,5.8043
7.8042,9.2727
10.161,10.661
6.5096,7.9113
4.4951,6.6361
9.0089,10.094
7.3795,11.061
9.5328,10.621
9.8465,9.8811
10.592,9.4162
9.7253,9.2361
8.7294,9.9661
9.2706,10.391
9.2088,8.4469
8.4377,10.087
6.9352,8.1055
8.9702,9.2866
9.1357,10.26
6.4855,8.0373
5.5576,6.4185
5.7618,7.5694
8.9673,10.315
8.6693,9.033
8.3425,10.068
7.8175,10.9
7.1469,6.4967
8.5494,7.1909
5.67,7.0809
5.3905,6.7035
5.1503,5.8196
7.7777,8.7071
6.9516,9.3343
6.7047,6.3511
6.3513,9.4962
5.0173,6.6023
7.3259,6.6111
7.67,7.002
10.248,10.205
9.8944,9.8632
8.1868,8.7205
5.5939,7.2309
6.95,7.1517
7.5784,9.8056
9.4853,11.203
8.0032,10.45
6.6966,7.0807
5.9489,6.5564
7.4692,6.7458
6.4412,9.2569
7.4632,9.623
6.7887,6.3943
10.056,10.364
7.1672,7.6971
5.5244,7.0218
9.0253,9.4454
6.9762,7.8016
8.6106,10.153
8.8876,9.0436
4.8182,8.2359
10.999,10.931
6.3024,6.4379
4.8674,5.8658
8.9334,10.538
9.5168,10.827
9.6842,10.894
8.0775,9.507
7.8643,9.5772
5.1585,7.3046
9.9146,10.185
2.0034,5.019
7.1229,7.6536
5.0809,6.8196
9.2943,10.726
9.2212,9.4761
9.2357,9.1024
7.5291,7.097
7.0537,6.9993
6.0925,7.3335
9.3566,9.7577
8.5088,10.587
6.6628,7.9553
8.5318,10.683
9.4913,10.646
6.3469,6.2809
6.1127,6.6697
7.0669,5.9542
7.3854,5.9888
4.5685,5.6804
9.012,9.2742
9.5271,9.7631
7.0385,7.2477
7.291,7.8866
5.9702,5.2449
5.1696,6.7141
9.7904,10.424
7.674,10.011
5.6812,6.4505
10.15,9.51
9.1073,10.073
8.3591,9.0121
10.959,10.001
8.4602,10.289
8.9485,9.0133
9.3893,10.47
3.1891,8.3154
6.7998,6.0579
8.3921,10.416
6.0279,7.1245
5.2214,7.5583
10.025,9.0464
8.8035,10.543
6.6784,7.3419
9.6734,9.0876
10.827,9.3672
9.7926,9.558
7.0633,6.6788
3.9322,6.9019
8.3113,8.9161
4.7858,7.5729
8.709,9.6351
8.0505,10.233
7.469,7.0007
6.5891,6.751
6.3923,7.1762
9.8752,9.994
8.9269,9.8068
9.8641,9.7969
10.079,9.8535
6.5806,6.3061
3.4711,8.6723
5.0669,6.1408
9.4741,9.3057
8.1777,11.464
10.597,9.6469
3.8911,6.9416
5.1757,6.9886
9.0334,9.3807
6.4679,6.9963
8.8675,11.348
8.845,10.146
7.0621,9.9599
8.8631,10.095
5.5366,6.7851
8.9034,9.8697
9.4281,9.0237
6.42,6.7929
8.8741,9.8467
7.4381,9.6496
10.011,10.161
4.9794,7.8776
9.4133,9.6945
8.0488,7.5303
5.9842,6.709
8.962,9.6969
6.2084,8.0421
6.6115,5.5711
8.548,11.168
6.0991,6.8039
5.0357,7.9826
9.3023,8.6505
10.33,10.661
9.5103,11.009
5.0119,6.7036
6.2742,5.3696
5.1115,6.0668
10.608,9.9983
8.9646,10.048
9.6382,10.234
8.3359,7.4783
4.442,7.2159
9.9127,10.668
8.6083,10.247
9.9217,9.0997
9.1851,10.736
8.3882,11.321
9.1757,9.1671
8.1554,9.5342
5.3967,6.8582
7.4434,6.4887
6.2516,7.3175
9.0251,9.2617
11.385,10.775
4.5315,6.9497
7.4607,8.3418
9.4644,10.979
4.6766,6.4658
10.022,11.172
10.236,10.471
10.383,9.3579
7.7267,8.3939
8.4119,9.103
5.9185,7.5173
6.7386,6.9999
5.1517,5.886
5.9843,7.4521
6.8403,7.313
7.7878,8.7018
4.7101,6.3058
7.8849,6.8115
10.424,11.28
8.9516,10.3
8.8022,10.101
7.1781,6.3482
7.2133,7.5867
10.628,10.332
6.8695,10.356
10.145,9.2252
10.046,10.329
5.5869,7.5684
7.7731,6.8515
5.5593,7.1081
6.3611,7.117
8.0454,8.7224
7.1078,9.688
6.5071,8.3467
7.2621,6.6963
8.2019,9.6097
9.4646,10.267
5.2662,7.073
4.878,5.9095
8.1599,8.2175
5.5237,6.5909
10.096,8.8935
7.7343,7.8657
5.588,6.1015
7.6705,7.1993
8.0705,11.189
6.2662,7.1003
9.4193,10.292
10.083,9.4283
8.8683,10.267
8.5964,10.305
9.8997,10.249
4.7414,7.0494
7.0458,7.153
9.2323,9.6599
6.0532,7.185
5.6489,6.7844
7.4323,7.0027
4.793,7.0463
9.6987,9.8338
8.4469,7.6249
4.863,5.3243
4.1018,7.0467
10.122,9.5838
8.24,9.8076
5.056,7.1694
4.1857,6.8271
8.1071,9.0421
6.2591,7.7351
8.6531,9.2637
6.5998,6.2244
7.4043,6.2495
5.1441,6.6974
10.237,10.751
6.0332,7.5821
8.716,9.6117
7.9538,10.063
6.2449,8.4468
5.6756,6.3935
5.4499,7.2272
10.194,9.033
9.8972,11.211
9.0286,9.6454
9.3625,11.073
8.5383,7.6453
10.586,10.324
5.6887,7.5753
9.6018,10.953
9.9104,10.192
9.4266,9.589
7.9703,10.714
6.5933,6.4728
11.303,10.483
9.0856,9.1661
5.9834,6.939
9.1391,10.13
7.4207,8.639
6.9834,7.2136
9.1126,10.107
5.3624,6.9943
8.5849,9.7969
5.5523,6.7826
5.7916,6.9698
7.0838,6.6111
10.572,9.7925
7.3146,9.726
9.0358,9.7459
8.5662,10.548
5.8684,7.0318
9.9873,11.044
7.9774,9.6637
9.3123,10.144
10.186,9.8242
7.4993,7.6128
4.9253,7.0174
8.5534,10.154
9.1537,9.8079
5.8804,8.1365
7.2834,9.0597
7.0584,7.7604
9.0761,8.6724
9.2749,10.407
5.8313,6.7031
11.028,10.184
10.281,10.171
7.5419,6.3655
8.6741,9.3993
8.3582,9.6114
5.7385,5.9431
5.924,7.6492
11.487,9.6174
4.8673,7.2513
8.4772,11.584
9.4418,10.669
6.1517,7.6127
6.3915,7.2169
10.878,10.171
10.526,10.484
6.6013,6.7025
6.2194,6.0887
5.481,6.9582
8.4875,10.654
7.1206,5.8361
5.6323,7.447
3.4468,7.7055
8.1299,9.8078
6.1345,6.979
6.6846,6.941
6.2653,5.5308
10.91,9.2098
5.1637,7.2104
9.3528,9.7121
9.3469,11.486
10.205,9.7614
6.8005,6.0136
8.4526,9.591
5.7867,9.4264
8.6727,10.647
8.3403,10.224
8.2384,10.589
9.9865,9.77
8.9141,11.37
8.2511,6.6314
9.3976,10.038
9.4114,10.244
7.473,6.0752
6.6661,7.9783
9.1388,8.8875
8.9308,10.891
10.981,9.75
8.6827,10.438
11.146,10.874
9.1334,10.169
9.2424,10.193
6.0871,7.4418
5.1002,7.6496
7.6885,7.7851
6.416,7.2817
4.9706,6.5
9.0642,10.652
10.136,10.501
8.8354,10.271
10.293,9.2887
10.841,9.4878
5.5638,6.0845
9.1683,9.857
7.6796,9.2663
9.5181,9.9345
8.9362,10.167
6.3791,7.1801
8.9477,9.3483
5.8332,7.7338
7.6172,8.2048
5.6294,7.6316
5.7968,7.0288
7.1162,8.6136
9.1573,10.385
9.7886,10.878
8.8124,9.8522
9.4379,10.732
10.377,9.3454
5.4155,6.6706
6.0775,6.4721
9.1569,9.2323
8.7668,9.4344
5.8911,8.1529
6.818,7.1517
4.5107,7.7691
10.351,9.2759
9.153,12.286
5.4465,5.9965
10.113,9.9863
5.5379,7.0213
5.4727,8.7107
7.097,7.1274
6.2455,5.8222
5.8018,6.1789
6.1989,6.1397
5.8555,7.3112
7.0408,6.171
6.7643,7.4843
8.3209,10.194
7.4518,9.9851
5.8952,7.1696
8.939,10.56
8.6137,7.1432
6.6271,7.8316
4.5955,7.3954
5.0977,5.3669
11.11,10.247
10.424,10.329
6.0913,6.1421
5.806,7.3324
10.417,10.056
7.2045,7.659
11.051,9.3612
5.3147,6.2098
5.7203,6.7479
6.0753,6.542
7.6504,10.088
8.6231,9.7137
9.9785,10.935
10.569,9.2739
7.9489,7.5566
8.6846,10.266
4.9345,6.0332
6.0561,7.4351
6.0884,8.0266
9.8859,9.2961
7.2491,9.9314
9.4565,10.255
10.607,10.379
8.0144,10.195
4.3966,6.8939
6.9821,8.2507
8.925,10.763
7.0965,6.704
7.3685,10.41
7.0469,6.7887
4.5308,5.9503
8.1618,8.8088
5.7101,6.3474
4.7203,5.8787
9.3964,10.043
8.4845,10.175
8.385,10.594
8.9205,9.0673
6.144,7.7172
4.578,6.7291
12.016,10.549
6.3955,7.5663
5.8447,6.8071
6.1603,7.1805
5.9458,6.7923
4.4801,6.1928
6.2178,9.4569
5.3587,5.6997
4.9107,6.9554
10.531,10.457
7.0102,5.6779
4.6985,6.6656
7.6943,9.7525
7.2502,8.5074
6.0041,7.1455
8.5935,10.184
7.6387,10.172
6.1632,7.2168
6.3644,7.293
9.1896,11.128
8.0978,10.923
9.301,8.8013
5.983,6.5505
3.892,7.1269
8.7603,11.319
6.851,6.0887
6.0785,5.8889
7.6391,7.341
7.82,6.1292
8.4306,9.0442
6.41,6.5907
7.1393,8.2667
9.2508,10.009
5.1979,8.4012
7.4645,7.1237
8.8879,9.5947
8.4807,9.0219
7.8562,9.3627
9.1916,9.3266
8.1201,10.378
11.028,10.899
5.619,6.7045
4.2667,6.6992
6.0312,6.7746
6.8814,8.0346
6.8619,6.2271
7.4275,6.7067
4.5806,6.9761
6.3178,7.1111
7.9855,9.3909
7.12,6.4865
8.9206,9.5247
5.8007,5.4546
10.443,9.0243
7.0046,7.7691
4.2366,6.7559
8.197,10.446
10.391,9.502
5.971,6.5367
10.378,8.7392
8.7672,8.7916
10.011,9.7069
6.6985,7.621
7.4691,9.3476
6.5164,7.2601
6.8438,7.5157
6.9776,6.2576
5.3287,6.9751
9.9145,10.173
5.1358,7.2302
5.744,7.2256
8.3687,8.9869
7.1693,6.2563
8.3817,10.354
5.6344,5.4326
10.506,9.7709
8.2089,7.6895
9.5748,11.056
6.8458,7.7898
4.6688,7.3914
6.4851,8.6276
9.236,9.2157
9.6277,8.9489
10.28,11.119
7.99,9.3739
5.8455,7.9684
9.5175,9.1319
5.8932,7.0413
7.6584,10.388
4.2674,7.3873
11.508,9.6674
9.8098,8.8064
7.096,7.6232
7.5582,6.9433
7.4196,7.771
8.1956,9.7617
6.8002,6.1602
8.7445,8.9631
5.709,7.8915
7.0372,7.2288
8.2095,9.8527
5.9886,8.0967
10.29,10.575
8.4023,6.6313
5.9794,7.035
9.8994,10.652
5.8209,6.8226
6.105,8.4006
9.2199,10.174
8.6425,9.5561
6.9261,6.8857
7.3474,7.1458
11.426,10.756
8.8795,9.7769
9.0803,9.8825
8.1603,9.2323
5.5209,7.8144
7.796,9.616
4.6115,7.4335
7.1751,7.093
8.2142,10.724
8.7241,9.3482
5.1628,7.8197
6.8102,7.7237
8.3623,10.908
9.6065,11.028
9.2923,9.7741
8.3472,11.498
7.6852,10.124
8.5584,8.571
5.6576,7.1483
9.4753,11.382
8.9628,11.197
9.5017,10.081
10.435,10.649
6.1685,7.6036
5.8806,6.4558
6.6345,9.734
10.81,9.2497
5.9568,7.4347
4.1054,6.5237
8.3688,10.382
8.6979,10.427
6.2932,5.5544
4.796,6.1616
5.8033,6.6232
5.8019,7.2714
6.0663,7.6235
6.3808,7.7472
7.3441,10.309
7.4121,7.0942
4.2485,5.6554
10.326,10.579
9.4496,10.43
9.9162,10.258
8.9661,9.9248
9.6505,9.8291
7.8037,10.312
8.3938,11.101
7.3795,7.1676
9.2734,9.3956
9.1052,9.9857
7.0457,9.7063
9.2179,10.819
9.3002,11.084
5.2127,7.712
5.5635,6.4322
10.706,9.2649
4.9882,6.0101
8.1213,10.133
11.341,10.303
9.4035,10.194
6.7216,6.6203
7.1758,5.8378
7.1358,6.786
4.0171,8.2113
9.4414,10.597
6.027,5.8962
10.046,9.9687
5.3117,6.7252
7.4292,10.5
7.7579,7.092
6.8722,7.0755
8.411,10.124
9.1748,8.8395
8.3641,10.128
6.3468,6.3192
3.9343,7.5662
7.1098,11.355
4.9565,6.4407
9.5864,10.483
9.2483,10.406
9.2666,8.9519
7.7422,9.1686
9.4914,10.11
7.7642,9.6021
4.7787,6.9214
8.4699,10.64
8.2126,6.4882
9.3444,9.7583
9.4557,11.221
7.5073,6.9493
9.7097,10.262
6.4296,6.8704
9.0849,9.1508
8.4907,8.8019
9.9186,9.5584
6.0616,6.3504
4.7096,6.3817
4.8257,7.7818
9.7141,9.8768
8.8604,7.5974
8.3226,9.2885
4.3369,7.5076
10.266,8.8461
5.4947,6.7249
9.7533,9.7812
8.8067,9.7826
8.5951,9.5028
10.45,9.9014
10.931,8.8688
9.7645,10.115
7.8087,10.157
8.4465,6.4755
9.6035,10.262
4.2976,6.7211
6.2788,6.8727
7.2583,6.7501
4.6909,6.9917
9.4303,11.159
9.0089,8.7414
7.9173,8.95
4.7955,5.7011
10.537,10.473
5.9006,7.1787
6.0083,8.2102
5.7653,7.3009
5.2242,6.1547
4.7964,6.604
8.6391,6.5878
5.086,7.3178
7.4452,10.915
9.7257,9.8051
6.9968,7.6361
6.3065,6.6172
6.4525,7.041
5.1824,6.9915
4.5937,6.4274
4.0675,5.7139
9.2263,9.6795
10.122,10.739
5.6307,7.3969
8.0873,10.193
9.8877,9.2075
9.0542,10.424
6.5637,7.393
9.7621,12.101
8.8974,10.518
8.6864,10.648
8.8114,10.813
6.2331,6.9636
5.6995,4.9491
9.8825,9.3426
5.1487,7.943
7.3098,7.1197
7.9404,8.9373
